t,MV,PV,DV
0.000000000000000000e+00,1.000000000000000000e+01,3.231000000000000227e+01,5.000000000000000000e+01
1.000000000000000000e+00,1.000000000000000000e+01,3.239999999999999858e+01,5.000000000000000000e+01
2.000000000000000000e+00,1.000000000000000000e+01,3.246999999999999886e+01,5.000000000000000000e+01
3.000000000000000000e+00,1.000000000000000000e+01,3.250000000000000000e+01,5.000000000000000000e+01
4.000000000000000000e+00,1.000000000000000000e+01,3.250000000000000000e+01,5.000000000000000000e+01
5.000000000000000000e+00,1.000000000000000000e+01,3.250000000000000000e+01,5.000000000000000000e+01
6.000000000000000000e+00,1.000000000000000000e+01,3.250000000000000000e+01,5.000000000000000000e+01
7.000000000000000000e+00,1.000000000000000000e+01,3.250000000000000000e+01,5.000000000000000000e+01
8.000000000000000000e+00,1.000000000000000000e+01,3.263000000000000256e+01,5.000000000000000000e+01
9.000000000000000000e+00,1.000000000000000000e+01,3.263000000000000256e+01,5.000000000000000000e+01
1.000000000000000000e+01,5.000000000000000000e+01,3.282000000000000028e+01,5.000000000000000000e+01
1.100000000000000000e+01,5.000000000000000000e+01,3.282000000000000028e+01,5.000000000000000000e+01
1.200000000000000000e+01,5.000000000000000000e+01,3.282000000000000028e+01,5.000000000000000000e+01
1.300000000000000000e+01,5.000000000000000000e+01,3.282000000000000028e+01,5.000000000000000000e+01
1.400000000000000000e+01,5.000000000000000000e+01,3.302000000000000313e+01,5.000000000000000000e+01
1.500000000000000000e+01,5.000000000000000000e+01,3.314000000000000057e+01,5.000000000000000000e+01
1.600000000000000000e+01,5.000000000000000000e+01,3.317999999999999972e+01,5.000000000000000000e+01
1.700000000000000000e+01,5.000000000000000000e+01,3.339999999999999858e+01,5.000000000000000000e+01
1.800000000000000000e+01,5.000000000000000000e+01,3.346999999999999886e+01,5.000000000000000000e+01
1.900000000000000000e+01,5.000000000000000000e+01,3.360000000000000142e+01,5.000000000000000000e+01
2.000000000000000000e+01,5.000000000000000000e+01,3.375999999999999801e+01,5.000000000000000000e+01
2.100000000000000000e+01,5.000000000000000000e+01,3.378999999999999915e+01,5.000000000000000000e+01
2.200000000000000000e+01,5.000000000000000000e+01,3.407999999999999829e+01,5.000000000000000000e+01
2.300000000000000000e+01,5.000000000000000000e+01,3.414000000000000057e+01,5.000000000000000000e+01
2.400000000000000000e+01,5.000000000000000000e+01,3.434000000000000341e+01,5.000000000000000000e+01
2.500000000000000000e+01,5.000000000000000000e+01,3.442999999999999972e+01,5.000000000000000000e+01
2.600000000000000000e+01,5.000000000000000000e+01,3.463000000000000256e+01,5.000000000000000000e+01
2.700000000000000000e+01,5.000000000000000000e+01,3.475999999999999801e+01,5.000000000000000000e+01
2.800000000000000000e+01,5.000000000000000000e+01,3.485000000000000142e+01,5.000000000000000000e+01
2.900000000000000000e+01,5.000000000000000000e+01,3.507999999999999829e+01,5.000000000000000000e+01
3.000000000000000000e+01,5.000000000000000000e+01,3.534000000000000341e+01,5.000000000000000000e+01
3.100000000000000000e+01,5.000000000000000000e+01,3.539999999999999858e+01,5.000000000000000000e+01
3.200000000000000000e+01,5.000000000000000000e+01,3.559000000000000341e+01,5.000000000000000000e+01
3.300000000000000000e+01,5.000000000000000000e+01,3.565999999999999659e+01,5.000000000000000000e+01
3.400000000000000000e+01,5.000000000000000000e+01,3.588000000000000256e+01,5.000000000000000000e+01
3.500000000000000000e+01,5.000000000000000000e+01,3.603999999999999915e+01,5.000000000000000000e+01
3.600000000000000000e+01,5.000000000000000000e+01,3.632999999999999829e+01,5.000000000000000000e+01
3.700000000000000000e+01,5.000000000000000000e+01,3.629999999999999716e+01,5.000000000000000000e+01
3.800000000000000000e+01,5.000000000000000000e+01,3.659000000000000341e+01,5.000000000000000000e+01
3.900000000000000000e+01,5.000000000000000000e+01,3.668999999999999773e+01,5.000000000000000000e+01
4.000000000000000000e+01,5.000000000000000000e+01,3.682000000000000028e+01,5.000000000000000000e+01
4.100000000000000000e+01,5.000000000000000000e+01,3.700999999999999801e+01,5.000000000000000000e+01
4.200000000000000000e+01,5.000000000000000000e+01,3.724000000000000199e+01,5.000000000000000000e+01
4.300000000000000000e+01,5.000000000000000000e+01,3.732999999999999829e+01,5.000000000000000000e+01
4.400000000000000000e+01,5.000000000000000000e+01,3.753000000000000114e+01,5.000000000000000000e+01
4.500000000000000000e+01,5.000000000000000000e+01,3.765999999999999659e+01,5.000000000000000000e+01
4.600000000000000000e+01,5.000000000000000000e+01,3.782000000000000028e+01,5.000000000000000000e+01
4.700000000000000000e+01,5.000000000000000000e+01,3.797999999999999687e+01,5.000000000000000000e+01
4.800000000000000000e+01,5.000000000000000000e+01,3.817000000000000171e+01,5.000000000000000000e+01
4.900000000000000000e+01,5.000000000000000000e+01,3.829999999999999716e+01,5.000000000000000000e+01
5.000000000000000000e+01,5.000000000000000000e+01,3.836999999999999744e+01,5.000000000000000000e+01
5.100000000000000000e+01,5.000000000000000000e+01,3.861999999999999744e+01,5.000000000000000000e+01
5.200000000000000000e+01,5.000000000000000000e+01,3.868999999999999773e+01,5.000000000000000000e+01
5.300000000000000000e+01,5.000000000000000000e+01,3.895000000000000284e+01,5.000000000000000000e+01
5.400000000000000000e+01,5.000000000000000000e+01,3.895000000000000284e+01,5.000000000000000000e+01
5.500000000000000000e+01,5.000000000000000000e+01,3.927000000000000313e+01,5.000000000000000000e+01
5.600000000000000000e+01,5.000000000000000000e+01,3.927000000000000313e+01,5.000000000000000000e+01
5.700000000000000000e+01,5.000000000000000000e+01,3.959000000000000341e+01,5.000000000000000000e+01
5.800000000000000000e+01,5.000000000000000000e+01,3.959000000000000341e+01,5.000000000000000000e+01
5.900000000000000000e+01,5.000000000000000000e+01,3.964999999999999858e+01,5.000000000000000000e+01
6.000000000000000000e+01,5.000000000000000000e+01,3.990999999999999659e+01,5.000000000000000000e+01
6.100000000000000000e+01,5.000000000000000000e+01,4.000999999999999801e+01,5.000000000000000000e+01
6.200000000000000000e+01,5.000000000000000000e+01,4.022999999999999687e+01,5.000000000000000000e+01
6.300000000000000000e+01,5.000000000000000000e+01,4.027000000000000313e+01,5.000000000000000000e+01
6.400000000000000000e+01,5.000000000000000000e+01,4.056000000000000227e+01,5.000000000000000000e+01
6.500000000000000000e+01,5.000000000000000000e+01,4.056000000000000227e+01,5.000000000000000000e+01
6.600000000000000000e+01,5.000000000000000000e+01,4.085000000000000142e+01,5.000000000000000000e+01
6.700000000000000000e+01,5.000000000000000000e+01,4.088000000000000256e+01,5.000000000000000000e+01
6.800000000000000000e+01,5.000000000000000000e+01,4.107000000000000028e+01,5.000000000000000000e+01
6.900000000000000000e+01,5.000000000000000000e+01,4.120000000000000284e+01,5.000000000000000000e+01
7.000000000000000000e+01,5.000000000000000000e+01,4.129999999999999716e+01,5.000000000000000000e+01
7.100000000000000000e+01,5.000000000000000000e+01,4.152000000000000313e+01,5.000000000000000000e+01
7.200000000000000000e+01,5.000000000000000000e+01,4.156000000000000227e+01,5.000000000000000000e+01
7.300000000000000000e+01,5.000000000000000000e+01,4.175000000000000000e+01,5.000000000000000000e+01
7.400000000000000000e+01,5.000000000000000000e+01,4.185000000000000142e+01,5.000000000000000000e+01
7.500000000000000000e+01,5.000000000000000000e+01,4.200999999999999801e+01,5.000000000000000000e+01
7.600000000000000000e+01,5.000000000000000000e+01,4.217000000000000171e+01,5.000000000000000000e+01
7.700000000000000000e+01,5.000000000000000000e+01,4.217000000000000171e+01,5.000000000000000000e+01
7.800000000000000000e+01,5.000000000000000000e+01,4.239000000000000057e+01,5.000000000000000000e+01
7.900000000000000000e+01,5.000000000000000000e+01,4.246000000000000085e+01,5.000000000000000000e+01
8.000000000000000000e+01,5.000000000000000000e+01,4.254999999999999716e+01,5.000000000000000000e+01
8.100000000000000000e+01,5.000000000000000000e+01,4.278000000000000114e+01,5.000000000000000000e+01
8.200000000000000000e+01,5.000000000000000000e+01,4.281000000000000227e+01,5.000000000000000000e+01
8.300000000000000000e+01,5.000000000000000000e+01,4.293999999999999773e+01,5.000000000000000000e+01
8.400000000000000000e+01,5.000000000000000000e+01,4.310000000000000142e+01,5.000000000000000000e+01
8.500000000000000000e+01,5.000000000000000000e+01,4.317000000000000171e+01,5.000000000000000000e+01
8.600000000000000000e+01,5.000000000000000000e+01,4.339000000000000057e+01,5.000000000000000000e+01
8.700000000000000000e+01,5.000000000000000000e+01,4.346000000000000085e+01,5.000000000000000000e+01
8.800000000000000000e+01,5.000000000000000000e+01,4.349000000000000199e+01,5.000000000000000000e+01
8.900000000000000000e+01,5.000000000000000000e+01,4.375000000000000000e+01,5.000000000000000000e+01
9.000000000000000000e+01,5.000000000000000000e+01,4.378000000000000114e+01,5.000000000000000000e+01
9.100000000000000000e+01,5.000000000000000000e+01,4.393999999999999773e+01,5.000000000000000000e+01
9.200000000000000000e+01,5.000000000000000000e+01,4.410000000000000142e+01,5.000000000000000000e+01
9.300000000000000000e+01,5.000000000000000000e+01,4.410000000000000142e+01,5.000000000000000000e+01
9.400000000000000000e+01,5.000000000000000000e+01,4.413000000000000256e+01,5.000000000000000000e+01
9.500000000000000000e+01,5.000000000000000000e+01,4.442000000000000171e+01,5.000000000000000000e+01
9.600000000000000000e+01,5.000000000000000000e+01,4.442000000000000171e+01,5.000000000000000000e+01
9.700000000000000000e+01,5.000000000000000000e+01,4.467999999999999972e+01,5.000000000000000000e+01
9.800000000000000000e+01,5.000000000000000000e+01,4.464999999999999858e+01,5.000000000000000000e+01
9.900000000000000000e+01,5.000000000000000000e+01,4.478000000000000114e+01,5.000000000000000000e+01
1.000000000000000000e+02,5.000000000000000000e+01,4.493999999999999773e+01,5.000000000000000000e+01
1.010000000000000000e+02,5.000000000000000000e+01,4.507000000000000028e+01,5.000000000000000000e+01
1.020000000000000000e+02,5.000000000000000000e+01,4.507000000000000028e+01,5.000000000000000000e+01
1.030000000000000000e+02,5.000000000000000000e+01,4.525999999999999801e+01,5.000000000000000000e+01
1.040000000000000000e+02,5.000000000000000000e+01,4.539000000000000057e+01,5.000000000000000000e+01
1.050000000000000000e+02,5.000000000000000000e+01,4.539000000000000057e+01,5.000000000000000000e+01
1.060000000000000000e+02,5.000000000000000000e+01,4.554999999999999716e+01,5.000000000000000000e+01
1.070000000000000000e+02,5.000000000000000000e+01,4.571000000000000085e+01,5.000000000000000000e+01
1.080000000000000000e+02,5.000000000000000000e+01,4.571000000000000085e+01,5.000000000000000000e+01
1.090000000000000000e+02,5.000000000000000000e+01,4.575000000000000000e+01,5.000000000000000000e+01
1.100000000000000000e+02,5.000000000000000000e+01,4.600000000000000000e+01,5.000000000000000000e+01
1.110000000000000000e+02,5.000000000000000000e+01,4.603999999999999915e+01,5.000000000000000000e+01
1.120000000000000000e+02,5.000000000000000000e+01,4.615999999999999659e+01,5.000000000000000000e+01
1.130000000000000000e+02,5.000000000000000000e+01,4.628999999999999915e+01,5.000000000000000000e+01
1.140000000000000000e+02,5.000000000000000000e+01,4.635999999999999943e+01,5.000000000000000000e+01
1.150000000000000000e+02,5.000000000000000000e+01,4.635999999999999943e+01,5.000000000000000000e+01
1.160000000000000000e+02,5.000000000000000000e+01,4.657999999999999829e+01,5.000000000000000000e+01
1.170000000000000000e+02,5.000000000000000000e+01,4.667999999999999972e+01,5.000000000000000000e+01
1.180000000000000000e+02,5.000000000000000000e+01,4.667999999999999972e+01,5.000000000000000000e+01
1.190000000000000000e+02,5.000000000000000000e+01,4.681000000000000227e+01,5.000000000000000000e+01
1.200000000000000000e+02,5.000000000000000000e+01,4.696999999999999886e+01,5.000000000000000000e+01
1.210000000000000000e+02,5.000000000000000000e+01,4.700000000000000000e+01,5.000000000000000000e+01
1.220000000000000000e+02,5.000000000000000000e+01,4.713000000000000256e+01,5.000000000000000000e+01
1.230000000000000000e+02,5.000000000000000000e+01,4.720000000000000284e+01,5.000000000000000000e+01
1.240000000000000000e+02,5.000000000000000000e+01,4.732000000000000028e+01,5.000000000000000000e+01
1.250000000000000000e+02,5.000000000000000000e+01,4.728999999999999915e+01,5.000000000000000000e+01
1.260000000000000000e+02,5.000000000000000000e+01,4.749000000000000199e+01,5.000000000000000000e+01
1.270000000000000000e+02,5.000000000000000000e+01,4.760999999999999943e+01,5.000000000000000000e+01
1.280000000000000000e+02,5.000000000000000000e+01,4.764999999999999858e+01,5.000000000000000000e+01
1.290000000000000000e+02,5.000000000000000000e+01,4.771000000000000085e+01,5.000000000000000000e+01
1.300000000000000000e+02,5.000000000000000000e+01,4.778000000000000114e+01,5.000000000000000000e+01
1.310000000000000000e+02,5.000000000000000000e+01,4.796999999999999886e+01,5.000000000000000000e+01
1.320000000000000000e+02,5.000000000000000000e+01,4.796999999999999886e+01,5.000000000000000000e+01
1.330000000000000000e+02,5.000000000000000000e+01,4.800000000000000000e+01,5.000000000000000000e+01
1.340000000000000000e+02,5.000000000000000000e+01,4.818999999999999773e+01,5.000000000000000000e+01
1.350000000000000000e+02,5.000000000000000000e+01,4.828999999999999915e+01,5.000000000000000000e+01
1.360000000000000000e+02,5.000000000000000000e+01,4.828999999999999915e+01,5.000000000000000000e+01
1.370000000000000000e+02,5.000000000000000000e+01,4.845000000000000284e+01,5.000000000000000000e+01
1.380000000000000000e+02,5.000000000000000000e+01,4.854999999999999716e+01,5.000000000000000000e+01
1.390000000000000000e+02,5.000000000000000000e+01,4.860999999999999943e+01,5.000000000000000000e+01
1.400000000000000000e+02,5.000000000000000000e+01,4.864999999999999858e+01,5.000000000000000000e+01
1.410000000000000000e+02,5.000000000000000000e+01,4.871000000000000085e+01,5.000000000000000000e+01
1.420000000000000000e+02,5.000000000000000000e+01,4.886999999999999744e+01,5.000000000000000000e+01
1.430000000000000000e+02,5.000000000000000000e+01,4.893999999999999773e+01,5.000000000000000000e+01
1.440000000000000000e+02,5.000000000000000000e+01,4.893999999999999773e+01,5.000000000000000000e+01
1.450000000000000000e+02,5.000000000000000000e+01,4.906000000000000227e+01,5.000000000000000000e+01
1.460000000000000000e+02,5.000000000000000000e+01,4.910000000000000142e+01,5.000000000000000000e+01
1.470000000000000000e+02,5.000000000000000000e+01,4.925999999999999801e+01,5.000000000000000000e+01
1.480000000000000000e+02,5.000000000000000000e+01,4.925999999999999801e+01,5.000000000000000000e+01
1.490000000000000000e+02,5.000000000000000000e+01,4.932000000000000028e+01,5.000000000000000000e+01
1.500000000000000000e+02,5.000000000000000000e+01,4.954999999999999716e+01,5.000000000000000000e+01
1.510000000000000000e+02,5.000000000000000000e+01,4.954999999999999716e+01,5.000000000000000000e+01
1.520000000000000000e+02,5.000000000000000000e+01,4.957999999999999829e+01,5.000000000000000000e+01
1.530000000000000000e+02,5.000000000000000000e+01,4.981000000000000227e+01,5.000000000000000000e+01
1.540000000000000000e+02,5.000000000000000000e+01,4.977000000000000313e+01,5.000000000000000000e+01
1.550000000000000000e+02,5.000000000000000000e+01,4.989999999999999858e+01,5.000000000000000000e+01
1.560000000000000000e+02,5.000000000000000000e+01,4.989999999999999858e+01,5.000000000000000000e+01
1.570000000000000000e+02,5.000000000000000000e+01,5.000000000000000000e+01,5.000000000000000000e+01
1.580000000000000000e+02,5.000000000000000000e+01,5.018999999999999773e+01,5.000000000000000000e+01
1.590000000000000000e+02,5.000000000000000000e+01,5.021999999999999886e+01,5.000000000000000000e+01
1.600000000000000000e+02,5.000000000000000000e+01,5.021999999999999886e+01,5.000000000000000000e+01
1.610000000000000000e+02,5.000000000000000000e+01,5.025999999999999801e+01,5.000000000000000000e+01
1.620000000000000000e+02,5.000000000000000000e+01,5.039000000000000057e+01,5.000000000000000000e+01
1.630000000000000000e+02,5.000000000000000000e+01,5.047999999999999687e+01,5.000000000000000000e+01
1.640000000000000000e+02,5.000000000000000000e+01,5.054999999999999716e+01,5.000000000000000000e+01
1.650000000000000000e+02,5.000000000000000000e+01,5.054999999999999716e+01,5.000000000000000000e+01
1.660000000000000000e+02,5.000000000000000000e+01,5.064000000000000057e+01,5.000000000000000000e+01
1.670000000000000000e+02,5.000000000000000000e+01,5.079999999999999716e+01,5.000000000000000000e+01
1.680000000000000000e+02,5.000000000000000000e+01,5.084000000000000341e+01,5.000000000000000000e+01
1.690000000000000000e+02,5.000000000000000000e+01,5.086999999999999744e+01,5.000000000000000000e+01
1.700000000000000000e+02,5.000000000000000000e+01,5.086999999999999744e+01,5.000000000000000000e+01
1.710000000000000000e+02,5.000000000000000000e+01,5.096999999999999886e+01,5.000000000000000000e+01
1.720000000000000000e+02,5.000000000000000000e+01,5.109000000000000341e+01,5.000000000000000000e+01
1.730000000000000000e+02,5.000000000000000000e+01,5.118999999999999773e+01,5.000000000000000000e+01
1.740000000000000000e+02,5.000000000000000000e+01,5.109000000000000341e+01,5.000000000000000000e+01
1.750000000000000000e+02,5.000000000000000000e+01,5.121999999999999886e+01,5.000000000000000000e+01
1.760000000000000000e+02,5.000000000000000000e+01,5.132000000000000028e+01,5.000000000000000000e+01
1.770000000000000000e+02,5.000000000000000000e+01,5.145000000000000284e+01,5.000000000000000000e+01
1.780000000000000000e+02,5.000000000000000000e+01,5.147999999999999687e+01,5.000000000000000000e+01
1.790000000000000000e+02,5.000000000000000000e+01,5.150999999999999801e+01,5.000000000000000000e+01
1.800000000000000000e+02,5.000000000000000000e+01,5.150999999999999801e+01,5.000000000000000000e+01
1.810000000000000000e+02,5.000000000000000000e+01,5.171000000000000085e+01,5.000000000000000000e+01
1.820000000000000000e+02,5.000000000000000000e+01,5.179999999999999716e+01,5.000000000000000000e+01
1.830000000000000000e+02,5.000000000000000000e+01,5.179999999999999716e+01,5.000000000000000000e+01
1.840000000000000000e+02,5.000000000000000000e+01,5.184000000000000341e+01,5.000000000000000000e+01
1.850000000000000000e+02,5.000000000000000000e+01,5.186999999999999744e+01,5.000000000000000000e+01
1.860000000000000000e+02,5.000000000000000000e+01,5.189999999999999858e+01,5.000000000000000000e+01
1.870000000000000000e+02,5.000000000000000000e+01,5.206000000000000227e+01,5.000000000000000000e+01
1.880000000000000000e+02,5.000000000000000000e+01,5.213000000000000256e+01,5.000000000000000000e+01
1.890000000000000000e+02,5.000000000000000000e+01,5.215999999999999659e+01,5.000000000000000000e+01
1.900000000000000000e+02,5.000000000000000000e+01,5.215999999999999659e+01,5.000000000000000000e+01
1.910000000000000000e+02,5.000000000000000000e+01,5.221999999999999886e+01,5.000000000000000000e+01
1.920000000000000000e+02,5.000000000000000000e+01,5.228999999999999915e+01,5.000000000000000000e+01
1.930000000000000000e+02,5.000000000000000000e+01,5.238000000000000256e+01,5.000000000000000000e+01
1.940000000000000000e+02,5.000000000000000000e+01,5.247999999999999687e+01,5.000000000000000000e+01
1.950000000000000000e+02,5.000000000000000000e+01,5.247999999999999687e+01,5.000000000000000000e+01
1.960000000000000000e+02,5.000000000000000000e+01,5.250999999999999801e+01,5.000000000000000000e+01
1.970000000000000000e+02,5.000000000000000000e+01,5.264000000000000057e+01,5.000000000000000000e+01
1.980000000000000000e+02,5.000000000000000000e+01,5.271000000000000085e+01,5.000000000000000000e+01
1.990000000000000000e+02,5.000000000000000000e+01,5.279999999999999716e+01,5.000000000000000000e+01
2.000000000000000000e+02,5.000000000000000000e+01,5.279999999999999716e+01,5.000000000000000000e+01
2.010000000000000000e+02,5.000000000000000000e+01,5.279999999999999716e+01,5.000000000000000000e+01
2.020000000000000000e+02,5.000000000000000000e+01,5.282999999999999829e+01,5.000000000000000000e+01
2.030000000000000000e+02,5.000000000000000000e+01,5.303000000000000114e+01,5.000000000000000000e+01
2.040000000000000000e+02,5.000000000000000000e+01,5.309000000000000341e+01,5.000000000000000000e+01
2.050000000000000000e+02,5.000000000000000000e+01,5.313000000000000256e+01,5.000000000000000000e+01
2.060000000000000000e+02,5.000000000000000000e+01,5.313000000000000256e+01,5.000000000000000000e+01
2.070000000000000000e+02,5.000000000000000000e+01,5.313000000000000256e+01,5.000000000000000000e+01
2.080000000000000000e+02,5.000000000000000000e+01,5.313000000000000256e+01,5.000000000000000000e+01
2.090000000000000000e+02,5.000000000000000000e+01,5.315999999999999659e+01,5.000000000000000000e+01
2.100000000000000000e+02,5.000000000000000000e+01,5.328999999999999915e+01,5.000000000000000000e+01
2.110000000000000000e+02,5.000000000000000000e+01,5.335000000000000142e+01,5.000000000000000000e+01
2.120000000000000000e+02,5.000000000000000000e+01,5.345000000000000284e+01,5.000000000000000000e+01
2.130000000000000000e+02,5.000000000000000000e+01,5.345000000000000284e+01,5.000000000000000000e+01
2.140000000000000000e+02,5.000000000000000000e+01,5.345000000000000284e+01,5.000000000000000000e+01
2.150000000000000000e+02,5.000000000000000000e+01,5.350999999999999801e+01,5.000000000000000000e+01
2.160000000000000000e+02,5.000000000000000000e+01,5.357999999999999829e+01,5.000000000000000000e+01
2.170000000000000000e+02,5.000000000000000000e+01,5.371000000000000085e+01,5.000000000000000000e+01
2.180000000000000000e+02,5.000000000000000000e+01,5.377000000000000313e+01,5.000000000000000000e+01
2.190000000000000000e+02,5.000000000000000000e+01,5.377000000000000313e+01,5.000000000000000000e+01
2.200000000000000000e+02,5.000000000000000000e+01,5.377000000000000313e+01,5.000000000000000000e+01
2.210000000000000000e+02,5.000000000000000000e+01,5.379999999999999716e+01,5.000000000000000000e+01
2.220000000000000000e+02,5.000000000000000000e+01,5.379999999999999716e+01,5.000000000000000000e+01
2.230000000000000000e+02,5.000000000000000000e+01,5.377000000000000313e+01,5.000000000000000000e+01
2.240000000000000000e+02,5.000000000000000000e+01,5.400000000000000000e+01,5.000000000000000000e+01
2.250000000000000000e+02,5.000000000000000000e+01,5.406000000000000227e+01,5.000000000000000000e+01
2.260000000000000000e+02,5.000000000000000000e+01,5.409000000000000341e+01,5.000000000000000000e+01
2.270000000000000000e+02,5.000000000000000000e+01,5.411999999999999744e+01,5.000000000000000000e+01
2.280000000000000000e+02,5.000000000000000000e+01,5.409000000000000341e+01,5.000000000000000000e+01
2.290000000000000000e+02,5.000000000000000000e+01,5.411999999999999744e+01,5.000000000000000000e+01
2.300000000000000000e+02,5.000000000000000000e+01,5.418999999999999773e+01,5.000000000000000000e+01
2.310000000000000000e+02,5.000000000000000000e+01,5.418999999999999773e+01,5.000000000000000000e+01
2.320000000000000000e+02,5.000000000000000000e+01,5.425000000000000000e+01,5.000000000000000000e+01
2.330000000000000000e+02,5.000000000000000000e+01,5.440999999999999659e+01,5.000000000000000000e+01
2.340000000000000000e+02,5.000000000000000000e+01,5.440999999999999659e+01,5.000000000000000000e+01
2.350000000000000000e+02,5.000000000000000000e+01,5.440999999999999659e+01,5.000000000000000000e+01
2.360000000000000000e+02,5.000000000000000000e+01,5.440999999999999659e+01,5.000000000000000000e+01
2.370000000000000000e+02,5.000000000000000000e+01,5.445000000000000284e+01,5.000000000000000000e+01
2.380000000000000000e+02,5.000000000000000000e+01,5.457999999999999829e+01,5.000000000000000000e+01
2.390000000000000000e+02,5.000000000000000000e+01,5.474000000000000199e+01,5.000000000000000000e+01
2.400000000000000000e+02,5.000000000000000000e+01,5.474000000000000199e+01,5.000000000000000000e+01
2.410000000000000000e+02,5.000000000000000000e+01,5.474000000000000199e+01,5.000000000000000000e+01
2.420000000000000000e+02,5.000000000000000000e+01,5.474000000000000199e+01,5.000000000000000000e+01
2.430000000000000000e+02,5.000000000000000000e+01,5.477000000000000313e+01,5.000000000000000000e+01
2.440000000000000000e+02,5.000000000000000000e+01,5.477000000000000313e+01,5.000000000000000000e+01
2.450000000000000000e+02,5.000000000000000000e+01,5.486999999999999744e+01,5.000000000000000000e+01
2.460000000000000000e+02,5.000000000000000000e+01,5.486999999999999744e+01,5.000000000000000000e+01
2.470000000000000000e+02,5.000000000000000000e+01,5.499000000000000199e+01,5.000000000000000000e+01
2.480000000000000000e+02,5.000000000000000000e+01,5.506000000000000227e+01,5.000000000000000000e+01
2.490000000000000000e+02,5.000000000000000000e+01,5.506000000000000227e+01,5.000000000000000000e+01
2.500000000000000000e+02,5.000000000000000000e+01,5.506000000000000227e+01,5.000000000000000000e+01
2.510000000000000000e+02,5.000000000000000000e+01,5.506000000000000227e+01,5.000000000000000000e+01
2.520000000000000000e+02,5.000000000000000000e+01,5.511999999999999744e+01,5.000000000000000000e+01
2.530000000000000000e+02,5.000000000000000000e+01,5.506000000000000227e+01,5.000000000000000000e+01
2.540000000000000000e+02,5.000000000000000000e+01,5.521999999999999886e+01,5.000000000000000000e+01
2.550000000000000000e+02,5.000000000000000000e+01,5.535000000000000142e+01,5.000000000000000000e+01
2.560000000000000000e+02,5.000000000000000000e+01,5.538000000000000256e+01,5.000000000000000000e+01
2.570000000000000000e+02,5.000000000000000000e+01,5.538000000000000256e+01,5.000000000000000000e+01
2.580000000000000000e+02,5.000000000000000000e+01,5.538000000000000256e+01,5.000000000000000000e+01
2.590000000000000000e+02,5.000000000000000000e+01,5.538000000000000256e+01,5.000000000000000000e+01
2.600000000000000000e+02,5.000000000000000000e+01,5.538000000000000256e+01,5.000000000000000000e+01
2.610000000000000000e+02,5.000000000000000000e+01,5.538000000000000256e+01,5.000000000000000000e+01
2.620000000000000000e+02,5.000000000000000000e+01,5.545000000000000284e+01,5.000000000000000000e+01
2.630000000000000000e+02,5.000000000000000000e+01,5.557000000000000028e+01,5.000000000000000000e+01
2.640000000000000000e+02,5.000000000000000000e+01,5.567000000000000171e+01,5.000000000000000000e+01
2.650000000000000000e+02,5.000000000000000000e+01,5.540999999999999659e+01,5.000000000000000000e+01
2.660000000000000000e+02,5.000000000000000000e+01,5.570000000000000284e+01,5.000000000000000000e+01
2.670000000000000000e+02,5.000000000000000000e+01,5.570000000000000284e+01,5.000000000000000000e+01
2.680000000000000000e+02,5.000000000000000000e+01,5.570000000000000284e+01,5.000000000000000000e+01
2.690000000000000000e+02,5.000000000000000000e+01,5.570000000000000284e+01,5.000000000000000000e+01
2.700000000000000000e+02,5.000000000000000000e+01,5.579999999999999716e+01,5.000000000000000000e+01
2.710000000000000000e+02,5.000000000000000000e+01,5.579999999999999716e+01,5.000000000000000000e+01
2.720000000000000000e+02,5.000000000000000000e+01,5.585999999999999943e+01,5.000000000000000000e+01
2.730000000000000000e+02,5.000000000000000000e+01,5.596000000000000085e+01,5.000000000000000000e+01
2.740000000000000000e+02,5.000000000000000000e+01,5.603000000000000114e+01,5.000000000000000000e+01
2.750000000000000000e+02,5.000000000000000000e+01,5.603000000000000114e+01,5.000000000000000000e+01
2.760000000000000000e+02,5.000000000000000000e+01,5.603000000000000114e+01,5.000000000000000000e+01
2.770000000000000000e+02,5.000000000000000000e+01,5.603000000000000114e+01,5.000000000000000000e+01
2.780000000000000000e+02,5.000000000000000000e+01,5.603000000000000114e+01,5.000000000000000000e+01
2.790000000000000000e+02,5.000000000000000000e+01,5.606000000000000227e+01,5.000000000000000000e+01
2.800000000000000000e+02,5.000000000000000000e+01,5.606000000000000227e+01,5.000000000000000000e+01
2.810000000000000000e+02,5.000000000000000000e+01,5.614999999999999858e+01,5.000000000000000000e+01
2.820000000000000000e+02,5.000000000000000000e+01,5.618999999999999773e+01,5.000000000000000000e+01
2.830000000000000000e+02,5.000000000000000000e+01,5.625000000000000000e+01,5.000000000000000000e+01
2.840000000000000000e+02,5.000000000000000000e+01,5.635000000000000142e+01,5.000000000000000000e+01
2.850000000000000000e+02,5.000000000000000000e+01,5.635000000000000142e+01,5.000000000000000000e+01
2.860000000000000000e+02,5.000000000000000000e+01,5.635000000000000142e+01,5.000000000000000000e+01
2.870000000000000000e+02,5.000000000000000000e+01,5.635000000000000142e+01,5.000000000000000000e+01
2.880000000000000000e+02,5.000000000000000000e+01,5.640999999999999659e+01,5.000000000000000000e+01
2.890000000000000000e+02,5.000000000000000000e+01,5.635000000000000142e+01,5.000000000000000000e+01
2.900000000000000000e+02,5.000000000000000000e+01,5.635000000000000142e+01,5.000000000000000000e+01
2.910000000000000000e+02,5.000000000000000000e+01,5.640999999999999659e+01,5.000000000000000000e+01
2.920000000000000000e+02,5.000000000000000000e+01,5.650999999999999801e+01,5.000000000000000000e+01
2.930000000000000000e+02,5.000000000000000000e+01,5.653999999999999915e+01,5.000000000000000000e+01
2.940000000000000000e+02,5.000000000000000000e+01,5.660999999999999943e+01,5.000000000000000000e+01
2.950000000000000000e+02,5.000000000000000000e+01,5.667000000000000171e+01,5.000000000000000000e+01
2.960000000000000000e+02,5.000000000000000000e+01,5.660999999999999943e+01,5.000000000000000000e+01
2.970000000000000000e+02,5.000000000000000000e+01,5.664000000000000057e+01,5.000000000000000000e+01
2.980000000000000000e+02,5.000000000000000000e+01,5.667000000000000171e+01,5.000000000000000000e+01
2.990000000000000000e+02,5.000000000000000000e+01,5.667000000000000171e+01,5.000000000000000000e+01
3.000000000000000000e+02,5.000000000000000000e+01,5.667000000000000171e+01,5.000000000000000000e+01
3.010000000000000000e+02,5.000000000000000000e+01,5.670000000000000284e+01,5.000000000000000000e+01
3.020000000000000000e+02,5.000000000000000000e+01,5.677000000000000313e+01,5.000000000000000000e+01
3.030000000000000000e+02,5.000000000000000000e+01,5.667000000000000171e+01,5.000000000000000000e+01
3.040000000000000000e+02,5.000000000000000000e+01,5.677000000000000313e+01,5.000000000000000000e+01
3.050000000000000000e+02,5.000000000000000000e+01,5.685999999999999943e+01,5.000000000000000000e+01
3.060000000000000000e+02,1.000000000000000000e+01,5.692999999999999972e+01,5.000000000000000000e+01
3.070000000000000000e+02,1.000000000000000000e+01,5.699000000000000199e+01,5.000000000000000000e+01
3.080000000000000000e+02,1.000000000000000000e+01,5.699000000000000199e+01,5.000000000000000000e+01
3.090000000000000000e+02,1.000000000000000000e+01,5.699000000000000199e+01,5.000000000000000000e+01
3.100000000000000000e+02,1.000000000000000000e+01,5.699000000000000199e+01,5.000000000000000000e+01
3.110000000000000000e+02,1.000000000000000000e+01,5.699000000000000199e+01,5.000000000000000000e+01
3.120000000000000000e+02,1.000000000000000000e+01,5.699000000000000199e+01,5.000000000000000000e+01
3.130000000000000000e+02,1.000000000000000000e+01,5.699000000000000199e+01,5.000000000000000000e+01
3.140000000000000000e+02,1.000000000000000000e+01,5.692999999999999972e+01,5.000000000000000000e+01
3.150000000000000000e+02,1.000000000000000000e+01,5.692999999999999972e+01,5.000000000000000000e+01
3.160000000000000000e+02,1.000000000000000000e+01,5.679999999999999716e+01,5.000000000000000000e+01
3.170000000000000000e+02,1.000000000000000000e+01,5.672999999999999687e+01,5.000000000000000000e+01
3.180000000000000000e+02,1.000000000000000000e+01,5.667000000000000171e+01,5.000000000000000000e+01
3.190000000000000000e+02,1.000000000000000000e+01,5.667000000000000171e+01,5.000000000000000000e+01
3.200000000000000000e+02,1.000000000000000000e+01,5.667000000000000171e+01,5.000000000000000000e+01
3.210000000000000000e+02,1.000000000000000000e+01,5.653999999999999915e+01,5.000000000000000000e+01
3.220000000000000000e+02,1.000000000000000000e+01,5.647999999999999687e+01,5.000000000000000000e+01
3.230000000000000000e+02,1.000000000000000000e+01,5.638000000000000256e+01,5.000000000000000000e+01
3.240000000000000000e+02,1.000000000000000000e+01,5.635000000000000142e+01,5.000000000000000000e+01
3.250000000000000000e+02,1.000000000000000000e+01,5.632000000000000028e+01,5.000000000000000000e+01
3.260000000000000000e+02,1.000000000000000000e+01,5.621999999999999886e+01,5.000000000000000000e+01
3.270000000000000000e+02,1.000000000000000000e+01,5.603000000000000114e+01,5.000000000000000000e+01
3.280000000000000000e+02,1.000000000000000000e+01,5.603000000000000114e+01,5.000000000000000000e+01
3.290000000000000000e+02,1.000000000000000000e+01,5.599000000000000199e+01,5.000000000000000000e+01
3.300000000000000000e+02,1.000000000000000000e+01,5.585999999999999943e+01,5.000000000000000000e+01
3.310000000000000000e+02,1.000000000000000000e+01,5.570000000000000284e+01,5.000000000000000000e+01
3.320000000000000000e+02,1.000000000000000000e+01,5.570000000000000284e+01,5.000000000000000000e+01
3.330000000000000000e+02,1.000000000000000000e+01,5.560999999999999943e+01,5.000000000000000000e+01
3.340000000000000000e+02,1.000000000000000000e+01,5.550999999999999801e+01,5.000000000000000000e+01
3.350000000000000000e+02,1.000000000000000000e+01,5.540999999999999659e+01,5.000000000000000000e+01
3.360000000000000000e+02,1.000000000000000000e+01,5.538000000000000256e+01,5.000000000000000000e+01
3.370000000000000000e+02,1.000000000000000000e+01,5.535000000000000142e+01,5.000000000000000000e+01
3.380000000000000000e+02,1.000000000000000000e+01,5.509000000000000341e+01,5.000000000000000000e+01
3.390000000000000000e+02,1.000000000000000000e+01,5.509000000000000341e+01,5.000000000000000000e+01
3.400000000000000000e+02,1.000000000000000000e+01,5.506000000000000227e+01,5.000000000000000000e+01
3.410000000000000000e+02,1.000000000000000000e+01,5.506000000000000227e+01,5.000000000000000000e+01
3.420000000000000000e+02,1.000000000000000000e+01,5.496000000000000085e+01,5.000000000000000000e+01
3.430000000000000000e+02,1.000000000000000000e+01,5.464000000000000057e+01,5.000000000000000000e+01
3.440000000000000000e+02,1.000000000000000000e+01,5.477000000000000313e+01,5.000000000000000000e+01
3.450000000000000000e+02,1.000000000000000000e+01,5.474000000000000199e+01,5.000000000000000000e+01
3.460000000000000000e+02,1.000000000000000000e+01,5.470000000000000284e+01,5.000000000000000000e+01
3.470000000000000000e+02,1.000000000000000000e+01,5.460999999999999943e+01,5.000000000000000000e+01
3.480000000000000000e+02,1.000000000000000000e+01,5.445000000000000284e+01,5.000000000000000000e+01
3.490000000000000000e+02,1.000000000000000000e+01,5.440999999999999659e+01,5.000000000000000000e+01
3.500000000000000000e+02,1.000000000000000000e+01,5.440999999999999659e+01,5.000000000000000000e+01
3.510000000000000000e+02,1.000000000000000000e+01,5.428999999999999915e+01,5.000000000000000000e+01
3.520000000000000000e+02,1.000000000000000000e+01,5.411999999999999744e+01,5.000000000000000000e+01
3.530000000000000000e+02,1.000000000000000000e+01,5.415999999999999659e+01,5.000000000000000000e+01
3.540000000000000000e+02,1.000000000000000000e+01,5.409000000000000341e+01,5.000000000000000000e+01
3.550000000000000000e+02,1.000000000000000000e+01,5.409000000000000341e+01,5.000000000000000000e+01
3.560000000000000000e+02,1.000000000000000000e+01,5.392999999999999972e+01,5.000000000000000000e+01
3.570000000000000000e+02,1.000000000000000000e+01,5.386999999999999744e+01,5.000000000000000000e+01
3.580000000000000000e+02,1.000000000000000000e+01,5.377000000000000313e+01,5.000000000000000000e+01
3.590000000000000000e+02,1.000000000000000000e+01,5.377000000000000313e+01,5.000000000000000000e+01
3.600000000000000000e+02,1.000000000000000000e+01,5.374000000000000199e+01,5.000000000000000000e+01
3.610000000000000000e+02,1.000000000000000000e+01,5.367000000000000171e+01,5.000000000000000000e+01
3.620000000000000000e+02,1.000000000000000000e+01,5.347999999999999687e+01,5.000000000000000000e+01
3.630000000000000000e+02,1.000000000000000000e+01,5.345000000000000284e+01,5.000000000000000000e+01
3.640000000000000000e+02,1.000000000000000000e+01,5.345000000000000284e+01,5.000000000000000000e+01
3.650000000000000000e+02,1.000000000000000000e+01,5.345000000000000284e+01,5.000000000000000000e+01
3.660000000000000000e+02,1.000000000000000000e+01,5.328999999999999915e+01,5.000000000000000000e+01
3.670000000000000000e+02,1.000000000000000000e+01,5.325000000000000000e+01,5.000000000000000000e+01
3.680000000000000000e+02,1.000000000000000000e+01,5.315999999999999659e+01,5.000000000000000000e+01
3.690000000000000000e+02,1.000000000000000000e+01,5.313000000000000256e+01,5.000000000000000000e+01
3.700000000000000000e+02,1.000000000000000000e+01,5.313000000000000256e+01,5.000000000000000000e+01
3.710000000000000000e+02,1.000000000000000000e+01,5.313000000000000256e+01,5.000000000000000000e+01
3.720000000000000000e+02,1.000000000000000000e+01,5.300000000000000000e+01,5.000000000000000000e+01
3.730000000000000000e+02,1.000000000000000000e+01,5.296000000000000085e+01,5.000000000000000000e+01
3.740000000000000000e+02,1.000000000000000000e+01,5.279999999999999716e+01,5.000000000000000000e+01
3.750000000000000000e+02,1.000000000000000000e+01,5.279999999999999716e+01,5.000000000000000000e+01
3.760000000000000000e+02,1.000000000000000000e+01,5.279999999999999716e+01,5.000000000000000000e+01
3.770000000000000000e+02,1.000000000000000000e+01,5.271000000000000085e+01,5.000000000000000000e+01
3.780000000000000000e+02,1.000000000000000000e+01,5.260999999999999943e+01,5.000000000000000000e+01
3.790000000000000000e+02,1.000000000000000000e+01,5.250999999999999801e+01,5.000000000000000000e+01
3.800000000000000000e+02,1.000000000000000000e+01,5.247999999999999687e+01,5.000000000000000000e+01
3.810000000000000000e+02,1.000000000000000000e+01,5.247999999999999687e+01,5.000000000000000000e+01
3.820000000000000000e+02,1.000000000000000000e+01,5.247999999999999687e+01,5.000000000000000000e+01
3.830000000000000000e+02,1.000000000000000000e+01,5.247999999999999687e+01,5.000000000000000000e+01
3.840000000000000000e+02,1.000000000000000000e+01,5.232000000000000028e+01,5.000000000000000000e+01
3.850000000000000000e+02,1.000000000000000000e+01,5.228999999999999915e+01,5.000000000000000000e+01
3.860000000000000000e+02,1.000000000000000000e+01,5.215999999999999659e+01,5.000000000000000000e+01
3.870000000000000000e+02,1.000000000000000000e+01,5.215999999999999659e+01,5.000000000000000000e+01
3.880000000000000000e+02,1.000000000000000000e+01,5.215999999999999659e+01,5.000000000000000000e+01
3.890000000000000000e+02,1.000000000000000000e+01,5.215999999999999659e+01,5.000000000000000000e+01
3.900000000000000000e+02,1.000000000000000000e+01,5.209000000000000341e+01,5.000000000000000000e+01
3.910000000000000000e+02,1.000000000000000000e+01,5.196000000000000085e+01,5.000000000000000000e+01
3.920000000000000000e+02,1.000000000000000000e+01,5.192999999999999972e+01,5.000000000000000000e+01
3.930000000000000000e+02,1.000000000000000000e+01,5.186999999999999744e+01,5.000000000000000000e+01
3.940000000000000000e+02,1.000000000000000000e+01,5.184000000000000341e+01,5.000000000000000000e+01
3.950000000000000000e+02,1.000000000000000000e+01,5.184000000000000341e+01,5.000000000000000000e+01
3.960000000000000000e+02,1.000000000000000000e+01,5.184000000000000341e+01,5.000000000000000000e+01
3.970000000000000000e+02,1.000000000000000000e+01,5.177000000000000313e+01,5.000000000000000000e+01
3.980000000000000000e+02,1.000000000000000000e+01,5.160999999999999943e+01,5.000000000000000000e+01
3.990000000000000000e+02,1.000000000000000000e+01,5.154999999999999716e+01,5.000000000000000000e+01
4.000000000000000000e+02,1.000000000000000000e+01,5.150999999999999801e+01,5.000000000000000000e+01
4.010000000000000000e+02,1.000000000000000000e+01,5.154999999999999716e+01,5.000000000000000000e+01
4.020000000000000000e+02,1.000000000000000000e+01,5.150999999999999801e+01,5.000000000000000000e+01
4.030000000000000000e+02,1.000000000000000000e+01,5.150999999999999801e+01,5.000000000000000000e+01
4.040000000000000000e+02,1.000000000000000000e+01,5.150999999999999801e+01,5.000000000000000000e+01
4.050000000000000000e+02,1.000000000000000000e+01,5.145000000000000284e+01,5.000000000000000000e+01
4.060000000000000000e+02,1.000000000000000000e+01,5.125999999999999801e+01,5.000000000000000000e+01
4.070000000000000000e+02,1.000000000000000000e+01,5.132000000000000028e+01,5.000000000000000000e+01
4.080000000000000000e+02,1.000000000000000000e+01,5.118999999999999773e+01,5.000000000000000000e+01
4.090000000000000000e+02,1.000000000000000000e+01,5.115999999999999659e+01,5.000000000000000000e+01
4.100000000000000000e+02,1.000000000000000000e+01,5.118999999999999773e+01,5.000000000000000000e+01
4.110000000000000000e+02,1.000000000000000000e+01,5.118999999999999773e+01,5.000000000000000000e+01
4.120000000000000000e+02,1.000000000000000000e+01,5.118999999999999773e+01,5.000000000000000000e+01
4.130000000000000000e+02,1.000000000000000000e+01,5.115999999999999659e+01,5.000000000000000000e+01
4.140000000000000000e+02,1.000000000000000000e+01,5.096999999999999886e+01,5.000000000000000000e+01
4.150000000000000000e+02,1.000000000000000000e+01,5.096999999999999886e+01,5.000000000000000000e+01
4.160000000000000000e+02,1.000000000000000000e+01,5.086999999999999744e+01,5.000000000000000000e+01
4.170000000000000000e+02,1.000000000000000000e+01,5.086999999999999744e+01,5.000000000000000000e+01
4.180000000000000000e+02,1.000000000000000000e+01,5.086999999999999744e+01,5.000000000000000000e+01
4.190000000000000000e+02,1.000000000000000000e+01,5.086999999999999744e+01,5.000000000000000000e+01
4.200000000000000000e+02,1.000000000000000000e+01,5.086999999999999744e+01,5.000000000000000000e+01
4.210000000000000000e+02,1.000000000000000000e+01,5.086999999999999744e+01,5.000000000000000000e+01
4.220000000000000000e+02,1.000000000000000000e+01,5.079999999999999716e+01,5.000000000000000000e+01
4.230000000000000000e+02,1.000000000000000000e+01,5.071000000000000085e+01,5.000000000000000000e+01
4.240000000000000000e+02,1.000000000000000000e+01,5.064000000000000057e+01,5.000000000000000000e+01
4.250000000000000000e+02,1.000000000000000000e+01,5.054999999999999716e+01,5.000000000000000000e+01
4.260000000000000000e+02,1.000000000000000000e+01,5.054999999999999716e+01,5.000000000000000000e+01
4.270000000000000000e+02,1.000000000000000000e+01,5.054999999999999716e+01,5.000000000000000000e+01
4.280000000000000000e+02,1.000000000000000000e+01,5.054999999999999716e+01,5.000000000000000000e+01
4.290000000000000000e+02,1.000000000000000000e+01,5.054999999999999716e+01,5.000000000000000000e+01
4.300000000000000000e+02,1.000000000000000000e+01,5.054999999999999716e+01,5.000000000000000000e+01
4.310000000000000000e+02,1.000000000000000000e+01,5.054999999999999716e+01,5.000000000000000000e+01
4.320000000000000000e+02,1.000000000000000000e+01,5.045000000000000284e+01,5.000000000000000000e+01
4.330000000000000000e+02,1.000000000000000000e+01,5.035000000000000142e+01,5.000000000000000000e+01
4.340000000000000000e+02,1.000000000000000000e+01,5.028999999999999915e+01,5.000000000000000000e+01
4.350000000000000000e+02,1.000000000000000000e+01,5.021999999999999886e+01,5.000000000000000000e+01
4.360000000000000000e+02,1.000000000000000000e+01,5.025999999999999801e+01,5.000000000000000000e+01
4.370000000000000000e+02,1.000000000000000000e+01,5.021999999999999886e+01,5.000000000000000000e+01
4.380000000000000000e+02,1.000000000000000000e+01,5.021999999999999886e+01,5.000000000000000000e+01
4.390000000000000000e+02,1.000000000000000000e+01,5.015999999999999659e+01,5.000000000000000000e+01
4.400000000000000000e+02,1.000000000000000000e+01,5.018999999999999773e+01,5.000000000000000000e+01
4.410000000000000000e+02,1.000000000000000000e+01,5.021999999999999886e+01,5.000000000000000000e+01
4.420000000000000000e+02,1.000000000000000000e+01,5.010000000000000142e+01,5.000000000000000000e+01
4.430000000000000000e+02,1.000000000000000000e+01,5.018999999999999773e+01,5.000000000000000000e+01
4.440000000000000000e+02,1.000000000000000000e+01,4.996999999999999886e+01,5.000000000000000000e+01
4.450000000000000000e+02,1.000000000000000000e+01,4.996999999999999886e+01,5.000000000000000000e+01
4.460000000000000000e+02,1.000000000000000000e+01,4.989999999999999858e+01,5.000000000000000000e+01
4.470000000000000000e+02,1.000000000000000000e+01,4.989999999999999858e+01,5.000000000000000000e+01
4.480000000000000000e+02,1.000000000000000000e+01,4.989999999999999858e+01,5.000000000000000000e+01
4.490000000000000000e+02,1.000000000000000000e+01,4.989999999999999858e+01,5.000000000000000000e+01
4.500000000000000000e+02,1.000000000000000000e+01,4.989999999999999858e+01,5.000000000000000000e+01
4.510000000000000000e+02,1.000000000000000000e+01,4.989999999999999858e+01,5.000000000000000000e+01
4.520000000000000000e+02,1.000000000000000000e+01,4.981000000000000227e+01,5.000000000000000000e+01
4.530000000000000000e+02,1.000000000000000000e+01,4.986999999999999744e+01,5.000000000000000000e+01
4.540000000000000000e+02,1.000000000000000000e+01,4.981000000000000227e+01,5.000000000000000000e+01
4.550000000000000000e+02,1.000000000000000000e+01,4.981000000000000227e+01,5.000000000000000000e+01
4.560000000000000000e+02,1.000000000000000000e+01,4.971000000000000085e+01,5.000000000000000000e+01
4.570000000000000000e+02,1.000000000000000000e+01,4.960999999999999943e+01,5.000000000000000000e+01
4.580000000000000000e+02,1.000000000000000000e+01,4.957999999999999829e+01,5.000000000000000000e+01
4.590000000000000000e+02,1.000000000000000000e+01,4.957999999999999829e+01,5.000000000000000000e+01
4.600000000000000000e+02,1.000000000000000000e+01,4.957999999999999829e+01,5.000000000000000000e+01
4.610000000000000000e+02,1.000000000000000000e+01,4.957999999999999829e+01,5.000000000000000000e+01
4.620000000000000000e+02,1.000000000000000000e+01,4.957999999999999829e+01,5.000000000000000000e+01
4.630000000000000000e+02,1.000000000000000000e+01,4.954999999999999716e+01,5.000000000000000000e+01
4.640000000000000000e+02,1.000000000000000000e+01,4.957999999999999829e+01,5.000000000000000000e+01
4.650000000000000000e+02,1.000000000000000000e+01,4.945000000000000284e+01,5.000000000000000000e+01
4.660000000000000000e+02,1.000000000000000000e+01,4.952000000000000313e+01,5.000000000000000000e+01
4.670000000000000000e+02,1.000000000000000000e+01,4.932000000000000028e+01,5.000000000000000000e+01
4.680000000000000000e+02,1.000000000000000000e+01,4.932000000000000028e+01,5.000000000000000000e+01
4.690000000000000000e+02,1.000000000000000000e+01,4.928999999999999915e+01,5.000000000000000000e+01
4.700000000000000000e+02,1.000000000000000000e+01,4.925999999999999801e+01,5.000000000000000000e+01
4.710000000000000000e+02,1.000000000000000000e+01,4.928999999999999915e+01,5.000000000000000000e+01
4.720000000000000000e+02,1.000000000000000000e+01,4.925999999999999801e+01,5.000000000000000000e+01
4.730000000000000000e+02,1.000000000000000000e+01,4.925999999999999801e+01,5.000000000000000000e+01
4.740000000000000000e+02,1.000000000000000000e+01,4.925999999999999801e+01,5.000000000000000000e+01
4.750000000000000000e+02,1.000000000000000000e+01,4.925999999999999801e+01,5.000000000000000000e+01
4.760000000000000000e+02,1.000000000000000000e+01,4.925999999999999801e+01,5.000000000000000000e+01
4.770000000000000000e+02,1.000000000000000000e+01,4.922999999999999687e+01,5.000000000000000000e+01
4.780000000000000000e+02,1.000000000000000000e+01,4.918999999999999773e+01,5.000000000000000000e+01
4.790000000000000000e+02,1.000000000000000000e+01,4.915999999999999659e+01,5.000000000000000000e+01
4.800000000000000000e+02,1.000000000000000000e+01,4.918999999999999773e+01,5.000000000000000000e+01
4.810000000000000000e+02,1.000000000000000000e+01,4.903000000000000114e+01,5.000000000000000000e+01
4.820000000000000000e+02,1.000000000000000000e+01,4.906000000000000227e+01,5.000000000000000000e+01
4.830000000000000000e+02,1.000000000000000000e+01,4.893999999999999773e+01,5.000000000000000000e+01
4.840000000000000000e+02,1.000000000000000000e+01,4.896999999999999886e+01,5.000000000000000000e+01
4.850000000000000000e+02,1.000000000000000000e+01,4.893999999999999773e+01,5.000000000000000000e+01
4.860000000000000000e+02,1.000000000000000000e+01,4.893999999999999773e+01,5.000000000000000000e+01
4.870000000000000000e+02,1.000000000000000000e+01,4.893999999999999773e+01,5.000000000000000000e+01
4.880000000000000000e+02,1.000000000000000000e+01,4.893999999999999773e+01,5.000000000000000000e+01
4.890000000000000000e+02,1.000000000000000000e+01,4.893999999999999773e+01,5.000000000000000000e+01
4.900000000000000000e+02,1.000000000000000000e+01,4.893999999999999773e+01,5.000000000000000000e+01
4.910000000000000000e+02,1.000000000000000000e+01,4.893999999999999773e+01,5.000000000000000000e+01
4.920000000000000000e+02,1.000000000000000000e+01,4.886999999999999744e+01,5.000000000000000000e+01
4.930000000000000000e+02,1.000000000000000000e+01,4.884000000000000341e+01,5.000000000000000000e+01
4.940000000000000000e+02,1.000000000000000000e+01,4.877000000000000313e+01,5.000000000000000000e+01
4.950000000000000000e+02,1.000000000000000000e+01,4.881000000000000227e+01,5.000000000000000000e+01
4.960000000000000000e+02,1.000000000000000000e+01,4.871000000000000085e+01,5.000000000000000000e+01
4.970000000000000000e+02,1.000000000000000000e+01,4.867999999999999972e+01,5.000000000000000000e+01
4.980000000000000000e+02,1.000000000000000000e+01,4.881000000000000227e+01,5.000000000000000000e+01
4.990000000000000000e+02,1.000000000000000000e+01,4.860999999999999943e+01,5.000000000000000000e+01
5.000000000000000000e+02,1.000000000000000000e+01,4.864999999999999858e+01,5.000000000000000000e+01
5.010000000000000000e+02,1.000000000000000000e+01,4.860999999999999943e+01,5.000000000000000000e+01
5.020000000000000000e+02,1.000000000000000000e+01,4.864999999999999858e+01,5.000000000000000000e+01
5.030000000000000000e+02,1.000000000000000000e+01,4.860999999999999943e+01,5.000000000000000000e+01
5.040000000000000000e+02,1.000000000000000000e+01,4.854999999999999716e+01,5.000000000000000000e+01
5.050000000000000000e+02,1.000000000000000000e+01,4.860999999999999943e+01,5.000000000000000000e+01
5.060000000000000000e+02,1.000000000000000000e+01,4.860999999999999943e+01,5.000000000000000000e+01
5.070000000000000000e+02,1.000000000000000000e+01,4.860999999999999943e+01,5.000000000000000000e+01
5.080000000000000000e+02,1.000000000000000000e+01,4.857999999999999829e+01,5.000000000000000000e+01
5.090000000000000000e+02,1.000000000000000000e+01,4.860999999999999943e+01,5.000000000000000000e+01
5.100000000000000000e+02,1.000000000000000000e+01,4.857999999999999829e+01,5.000000000000000000e+01
5.110000000000000000e+02,1.000000000000000000e+01,4.860999999999999943e+01,5.000000000000000000e+01
5.120000000000000000e+02,1.000000000000000000e+01,4.845000000000000284e+01,5.000000000000000000e+01
5.130000000000000000e+02,1.000000000000000000e+01,4.845000000000000284e+01,5.000000000000000000e+01
5.140000000000000000e+02,1.000000000000000000e+01,4.835999999999999943e+01,5.000000000000000000e+01
5.150000000000000000e+02,1.000000000000000000e+01,4.835999999999999943e+01,5.000000000000000000e+01
5.160000000000000000e+02,1.000000000000000000e+01,4.845000000000000284e+01,5.000000000000000000e+01
5.170000000000000000e+02,1.000000000000000000e+01,4.828999999999999915e+01,5.000000000000000000e+01
5.180000000000000000e+02,1.000000000000000000e+01,4.839000000000000057e+01,5.000000000000000000e+01
5.190000000000000000e+02,1.000000000000000000e+01,4.828999999999999915e+01,5.000000000000000000e+01
5.200000000000000000e+02,1.000000000000000000e+01,4.828999999999999915e+01,5.000000000000000000e+01
5.210000000000000000e+02,1.000000000000000000e+01,4.828999999999999915e+01,5.000000000000000000e+01
5.220000000000000000e+02,1.000000000000000000e+01,4.828999999999999915e+01,5.000000000000000000e+01
5.230000000000000000e+02,1.000000000000000000e+01,4.828999999999999915e+01,5.000000000000000000e+01
5.240000000000000000e+02,1.000000000000000000e+01,4.828999999999999915e+01,5.000000000000000000e+01
5.250000000000000000e+02,1.000000000000000000e+01,4.828999999999999915e+01,5.000000000000000000e+01
5.260000000000000000e+02,1.000000000000000000e+01,4.828999999999999915e+01,5.000000000000000000e+01
5.270000000000000000e+02,1.000000000000000000e+01,4.825999999999999801e+01,5.000000000000000000e+01
5.280000000000000000e+02,1.000000000000000000e+01,4.828999999999999915e+01,5.000000000000000000e+01
5.290000000000000000e+02,1.000000000000000000e+01,4.818999999999999773e+01,5.000000000000000000e+01
5.300000000000000000e+02,1.000000000000000000e+01,4.825999999999999801e+01,5.000000000000000000e+01
5.310000000000000000e+02,1.000000000000000000e+01,4.818999999999999773e+01,5.000000000000000000e+01
5.320000000000000000e+02,1.000000000000000000e+01,4.813000000000000256e+01,5.000000000000000000e+01
5.330000000000000000e+02,1.000000000000000000e+01,4.815999999999999659e+01,5.000000000000000000e+01
