t,MV,MVP,MVI,MVD,SP,PV,DV,Man
0.000000000000000000e+00,7.791241062885406166e+01,7.749240823951251400e+01,4.200023893415471554e-01,0.000000000000000000e+00,4.000000000000000000e+01,2.157999999999999829e+01,5.000000000000000000e+01,0.000000000000000000e+00
1.000000000000000000e+00,3.629866003207119718e+01,3.568525399429551470e+01,6.134134896333296449e-01,-7.451857646011163533e-06,4.000000000000000000e+01,2.164000000000000057e+01,5.000000000000000000e+01,0.000000000000000000e+00
2.000000000000000000e+00,3.637520994755828241e+01,3.556901538193623935e+01,8.061945863410997504e-01,-2.071905428499123879e-08,4.000000000000000000e+01,2.157999999999999829e+01,5.000000000000000000e+01,0.000000000000000000e+00
3.000000000000000000e+00,3.668485970164718424e+01,3.568525399429551470e+01,9.996056866328821844e-01,2.071878789719793096e-08,4.000000000000000000e+01,2.167000000000000171e+01,5.000000000000000000e+01,0.000000000000000000e+00
4.000000000000000000e+00,3.670296782622707354e+01,3.551089607575660523e+01,1.192071781548646126e+00,-3.107818221511027097e-08,4.000000000000000000e+01,2.173999999999999844e+01,5.000000000000000000e+01,0.000000000000000000e+00
5.000000000000000000e+00,3.675908720944860875e+01,3.537528436133746368e+01,1.383802872283062424e+00,-2.417192118300200521e-08,4.000000000000000000e+01,2.182999999999999829e+01,5.000000000000000000e+01,0.000000000000000000e+00
6.000000000000000000e+00,3.677551536936183396e+01,3.520092644279856131e+01,1.574588957641460230e+00,-3.107818381540535659e-08,4.000000000000000000e+01,2.187000000000000099e+01,5.000000000000000000e+01,0.000000000000000000e+00
7.000000000000000000e+00,3.688838906135703155e+01,3.512343403455903967e+01,1.764955040610516557e+00,-1.381252686510167090e-08,4.000000000000000000e+01,2.187000000000000099e+01,5.000000000000000000e+01,0.000000000000000000e+00
8.000000000000000000e+00,3.707875515813861256e+01,3.512343403455903967e+01,1.955321123579572884e+00,-4.923989005648153116e-16,4.000000000000000000e+01,2.187000000000000099e+01,5.000000000000000000e+01,0.000000000000000000e+00
9.000000000000000000e+00,3.726912124110766911e+01,3.512343403455903967e+01,2.145687206548628989e+00,-1.755339045819508191e-23,4.000000000000000000e+01,2.205999999999999872e+01,5.000000000000000000e+01,0.000000000000000000e+00
1.000000000000000000e+01,3.708940330798017726e+01,3.475534509542136163e+01,2.334058278168313016e+00,-6.560949734671474395e-08,4.000000000000000000e+01,2.219000000000000128e+01,5.000000000000000000e+01,0.000000000000000000e+00
1.100000000000000000e+01,3.702455906577486644e+01,3.450349476864294473e+01,2.521064342022636851e+00,-4.489071104980609841e-08,4.000000000000000000e+01,2.225000000000000000e+01,5.000000000000000000e+01,0.000000000000000000e+00
1.200000000000000000e+01,3.709469653785783549e+01,3.438725615628367649e+01,2.707440402292948356e+00,-2.071879023610084636e-08,4.000000000000000000e+01,2.237999999999999901e+01,5.000000000000000000e+01,0.000000000000000000e+00
1.300000000000000000e+01,3.702785723941244811e+01,3.413540582950525959e+01,2.892451454797900112e+00,-4.489070944950863714e-08,4.000000000000000000e+01,2.251000000000000156e+01,5.000000000000000000e+01,0.000000000000000000e+00
1.400000000000000000e+01,3.695965295737362055e+01,3.388355550272684269e+01,3.076097499537491675e+00,-4.489071031120783414e-08,4.000000000000000000e+01,2.257000000000000028e+01,5.000000000000000000e+01,0.000000000000000000e+00
1.500000000000000000e+01,3.702643041034185956e+01,3.376731689036757444e+01,3.259113540693070910e+00,-2.071879023610081989e-08,4.000000000000000000e+01,2.276999999999999957e+01,5.000000000000000000e+01,0.000000000000000000e+00
1.600000000000000000e+01,3.681988435000933180e+01,3.337985484917001600e+01,3.440029569901942530e+00,-6.906262952461445363e-08,4.000000000000000000e+01,2.282999999999999829e+01,5.000000000000000000e+01,0.000000000000000000e+00
1.700000000000000000e+01,3.688393181161875845e+01,3.326361623681074775e+01,3.620315595526801822e+00,-2.071879109779879598e-08,4.000000000000000000e+01,2.305999999999999872e+01,5.000000000000000000e+01,0.000000000000000000e+00
1.800000000000000000e+01,3.661622141742446956e+01,3.281803488943354807e+01,3.798186607412946891e+00,-7.942202384251733400e-08,4.000000000000000000e+01,2.314999999999999858e+01,5.000000000000000000e+01,0.000000000000000000e+00
1.900000000000000000e+01,3.661878955373953204e+01,3.264367697089464571e+01,3.975112613923073468e+00,-3.107818578500078533e-08,4.000000000000000000e+01,2.337999999999999901e+01,5.000000000000000000e+01,0.000000000000000000e+00
2.000000000000000000e+01,3.634771915078991356e+01,3.219809562351744603e+01,4.149623606694486710e+00,-7.942202421181648599e-08,4.000000000000000000e+01,2.348000000000000043e+01,5.000000000000000000e+01,0.000000000000000000e+00
2.100000000000000000e+01,3.632744916187989048e+01,3.200436460291866325e+01,4.323084593492545480e+00,-3.453131722430215132e-08,4.000000000000000000e+01,2.360999999999999943e+01,5.000000000000000000e+01,0.000000000000000000e+00
2.200000000000000000e+01,3.624769480377478459e+01,3.175251427614024990e+01,4.495180572525244500e+00,-4.489070994190753734e-08,4.000000000000000000e+01,2.380000000000000071e+01,5.000000000000000000e+01,0.000000000000000000e+00
2.300000000000000000e+01,3.604970681160163792e+01,3.138442533700256476e+01,4.665281540208571442e+00,-6.560949894701231773e-08,4.000000000000000000e+01,2.396000000000000085e+01,5.000000000000000000e+01,0.000000000000000000e+00
2.400000000000000000e+01,3.590815814712893683e+01,3.107445570404451374e+01,4.833702498334531583e+00,-5.525010536770777441e-08,4.000000000000000000e+01,2.412000000000000099e+01,5.000000000000000000e+01,0.000000000000000000e+00
2.500000000000000000e+01,3.576492946273948093e+01,3.076448607108646272e+01,5.000443446903125810e+00,-5.525010499840865551e-08,4.000000000000000000e+01,2.419000000000000128e+01,5.000000000000000000e+01,0.000000000000000000e+00
2.600000000000000000e+01,3.579532372378576355e+01,3.062887435666731761e+01,5.166449391290372617e+00,-2.417192204470133457e-08,4.000000000000000000e+01,2.444000000000000128e+01,5.000000000000000000e+01,0.000000000000000000e+00
2.700000000000000000e+01,3.547437703958631516e+01,3.014454680517036422e+01,5.329830320744234129e+00,-8.632828684421851719e-08,4.000000000000000000e+01,2.451000000000000156e+01,5.000000000000000000e+01,0.000000000000000000e+00
2.800000000000000000e+01,3.550141131259604066e+01,3.000893509075121557e+01,5.492476246016748220e+00,-2.417192315259873097e-08,4.000000000000000000e+01,2.476999999999999957e+01,5.000000000000000000e+01,0.000000000000000000e+00
2.900000000000000000e+01,3.515762650317151383e+01,2.950523443719438887e+01,5.652392155758541925e+00,-8.978141828351869204e-08,4.000000000000000000e+01,2.482999999999999829e+01,5.000000000000000000e+01,0.000000000000000000e+00
3.000000000000000000e+01,3.520067386603265192e+01,2.938899582483512063e+01,5.811678061916323301e+00,-2.071879183639709003e-08,4.000000000000000000e+01,2.508999999999999986e+01,5.000000000000000000e+01,0.000000000000000000e+00
3.100000000000000000e+01,3.485352903404025682e+01,2.888529517127828683e+01,5.968233952543385179e+00,-8.978141816042020114e-08,4.000000000000000000e+01,2.512000000000000099e+01,5.000000000000000000e+01,0.000000000000000000e+00
3.200000000000000000e+01,3.495165069611768871e+01,2.882717586509864915e+01,6.124474841378440892e+00,-1.035939751849546862e-08,4.000000000000000000e+01,2.541000000000000014e+01,5.000000000000000000e+01,0.000000000000000000e+00
3.300000000000000000e+01,3.454302651811214986e+01,2.826535590536218834e+01,6.277670712890770055e+00,-1.001408121090226722e-07,4.000000000000000000e+01,2.551000000000000156e+01,5.000000000000000000e+01,0.000000000000000000e+00
3.400000000000000000e+01,3.450144142866182762e+01,2.807162488476340201e+01,6.429816578429745633e+00,-3.453131796290042221e-08,4.000000000000000000e+01,2.573000000000000043e+01,5.000000000000000000e+01,0.000000000000000000e+00
3.500000000000000000e+01,3.422506899430453586e+01,2.764541663944608629e+01,6.579652430827342968e+00,-7.596889289561488144e-08,4.000000000000000000e+01,2.582999999999999829e+01,5.000000000000000000e+01,0.000000000000000000e+00
3.600000000000000000e+01,3.418012386156757998e+01,2.745168561884731062e+01,6.728438277251585831e+00,-3.453131710120121859e-08,4.000000000000000000e+01,2.605000000000000071e+01,5.000000000000000000e+01,0.000000000000000000e+00
3.700000000000000000e+01,3.390039140809554397e+01,2.702547737352998425e+01,6.874914110534450451e+00,-7.596889289561605935e-08,4.000000000000000000e+01,2.617999999999999972e+01,5.000000000000000000e+01,0.000000000000000000e+00
3.800000000000000000e+01,3.379365193791281285e+01,2.677362704675157090e+01,7.020024936051955322e+00,-4.489071141910406588e-08,4.000000000000000000e+01,2.637999999999999901e+01,5.000000000000000000e+01,0.000000000000000000e+00
3.900000000000000000e+01,3.354920068611413342e+01,2.638616500555400890e+01,7.163035749622752135e+00,-6.906263038631250582e-08,4.000000000000000000e+01,2.641000000000000014e+01,5.000000000000000000e+01,0.000000000000000000e+00
4.000000000000000000e+01,3.363377725041652155e+01,2.632804569937437478e+01,7.305731561401542784e+00,-1.035939677989720766e-08,4.000000000000000000e+01,2.669999999999999929e+01,5.000000000000000000e+01,0.000000000000000000e+00
4.100000000000000000e+01,3.321160799535471142e+01,2.576622573963791041e+01,7.445382355857606882e+00,-1.001408121090226457e-07,4.000000000000000000e+01,2.682999999999999829e+01,5.000000000000000000e+01,0.000000000000000000e+00
4.200000000000000000e+01,3.309804351051709403e+01,2.551437541285949706e+01,7.583668142548311231e+00,-4.489071228080204527e-08,4.000000000000000000e+01,2.701999999999999957e+01,5.000000000000000000e+01,0.000000000000000000e+00
4.300000000000000000e+01,3.286624532600195181e+01,2.514628647372180836e+01,7.719958917889643502e+00,-6.560949894701239713e-08,4.000000000000000000e+01,2.708999999999999986e+01,5.000000000000000000e+01,0.000000000000000000e+00
4.400000000000000000e+01,3.286618942418036227e+01,2.501067475930266326e+01,7.855514689049627464e+00,-2.417192241400046670e-08,4.000000000000000000e+01,2.733999999999999986e+01,5.000000000000000000e+01,0.000000000000000000e+00
4.500000000000000000e+01,3.251479256675365548e+01,2.452634720780570987e+01,7.988445445276227019e+00,-8.632828684421853042e-08,4.000000000000000000e+01,2.741000000000000014e+01,5.000000000000000000e+01,0.000000000000000000e+00
4.600000000000000000e+01,3.251137666653611547e+01,2.439073549338656122e+01,8.120641197321479154e+00,-2.417192315259873097e-08,4.000000000000000000e+01,2.767000000000000171e+01,5.000000000000000000e+01,0.000000000000000000e+00
4.700000000000000000e+01,3.213714168388432313e+01,2.388703483982972742e+01,8.250106933836011791e+00,-8.978141828351990965e-08,4.000000000000000000e+01,2.773000000000000043e+01,5.000000000000000000e+01,0.000000000000000000e+00
4.800000000000000000e+01,3.214973887351819570e+01,2.377079622747045917e+01,8.378942666766532099e+00,-2.071879183639709003e-08,4.000000000000000000e+01,2.798999999999999844e+01,5.000000000000000000e+01,0.000000000000000000e+00
4.900000000000000000e+01,3.177214386829854575e+01,2.326709557391363248e+01,8.505048384166331132e+00,-8.978141816041898353e-08,4.000000000000000000e+01,2.801999999999999957e+01,5.000000000000000000e+01,0.000000000000000000e+00
5.000000000000000000e+01,3.183981535714872635e+01,2.320897626773399836e+01,8.630839099774124890e+00,-1.035939751849546862e-08,4.000000000000000000e+01,2.830999999999999872e+01,5.000000000000000000e+01,0.000000000000000000e+00
5.100000000000000000e+01,3.140074100591591488e+01,2.264715630799753399e+01,8.753584798059192096e+00,-1.001408121090226722e-07,4.000000000000000000e+01,2.833999999999999986e+01,5.000000000000000000e+01,0.000000000000000000e+00
5.200000000000000000e+01,3.146505248601075166e+01,2.258903700181789631e+01,8.876015494552252250e+00,-1.035939788779460076e-08,4.000000000000000000e+01,2.862999999999999901e+01,5.000000000000000000e+01,0.000000000000000000e+00
5.300000000000000000e+01,3.102261811566320659e+01,2.202721704208143194e+01,8.995401173722587629e+00,-1.001408121090226855e-07,4.000000000000000000e+01,2.862999999999999901e+01,5.000000000000000000e+01,0.000000000000000000e+00
5.400000000000000000e+01,3.114200389497435140e+01,2.202721704208143194e+01,9.114786852892923008e+00,-3.569891755920038803e-15,4.000000000000000000e+01,2.885999999999999943e+01,5.000000000000000000e+01,0.000000000000000000e+00
5.500000000000000000e+01,3.081339313360675902e+01,2.158163569470423582e+01,9.231757518324544165e+00,-7.942202310391908297e-08,4.000000000000000000e+01,2.896000000000000085e+01,5.000000000000000000e+01,0.000000000000000000e+00
5.600000000000000000e+01,3.073558281735694209e+01,2.138790467410544949e+01,9.347678177782810849e+00,-3.453131722430211824e-08,4.000000000000000000e+01,2.925000000000000000e+01,5.000000000000000000e+01,0.000000000000000000e+00
5.700000000000000000e+01,3.028663843414652135e+01,2.082608471436898512e+01,9.460553819918350982e+00,-1.001408129707206715e-07,4.000000000000000000e+01,2.928000000000000114e+01,5.000000000000000000e+01,0.000000000000000000e+00
5.800000000000000000e+01,3.034107985809184171e+01,2.076796540818935100e+01,9.573114460261885839e+00,-1.035939788779463219e-08,4.000000000000000000e+01,2.950000000000000000e+01,5.000000000000000000e+01,0.000000000000000000e+00
5.900000000000000000e+01,3.002512217436718345e+01,2.034175716287203173e+01,9.683365087464041565e+00,-7.596889203391686896e-08,4.000000000000000000e+01,2.960000000000000142e+01,5.000000000000000000e+01,0.000000000000000000e+00
6.000000000000000000e+01,2.994059181643477530e+01,2.014802614227324895e+01,9.792565708692844595e+00,-3.453131710120240973e-08,4.000000000000000000e+01,2.976000000000000156e+01,5.000000000000000000e+01,0.000000000000000000e+00
6.100000000000000000e+01,2.973814277442937382e+01,1.983805650931519793e+01,9.900086320364280823e+00,-5.525010425981037801e-08,4.000000000000000000e+01,2.992000000000000171e+01,5.000000000000000000e+01,0.000000000000000000e+00
6.200000000000000000e+01,2.953401374358539044e+01,1.952808687635714691e+01,1.000592692247835025e+01,-5.525010499840861581e-08,4.000000000000000000e+01,3.007999999999999829e+01,5.000000000000000000e+01,0.000000000000000000e+00
6.300000000000000000e+01,2.932820470318405626e+01,1.921811724339910654e+01,1.011008751503505465e+01,-5.525010499840741805e-08,4.000000000000000000e+01,3.023999999999999844e+01,5.000000000000000000e+01,0.000000000000000000e+00
6.400000000000000000e+01,2.912071565322534283e+01,1.890814761044105552e+01,1.021256809803439225e+01,-5.525010499840864228e-08,4.000000000000000000e+01,3.044000000000000128e+01,5.000000000000000000e+01,0.000000000000000000e+00
6.500000000000000000e+01,2.883363416926788148e+01,1.852068556924348641e+01,1.031294866908702268e+01,-6.906263075561283571e-08,4.000000000000000000e+01,3.057000000000000028e+01,5.000000000000000000e+01,0.000000000000000000e+00
6.600000000000000000e+01,2.868079942994865306e+01,1.826883524246507307e+01,1.041196423237429158e+01,-4.489071117290466210e-08,4.000000000000000000e+01,3.069999999999999929e+01,5.000000000000000000e+01,0.000000000000000000e+00
6.700000000000000000e+01,2.852659965869214886e+01,1.801698491568665972e+01,1.050961478789620074e+01,-4.489071031120667609e-08,4.000000000000000000e+01,3.089000000000000057e+01,5.000000000000000000e+01,0.000000000000000000e+00
6.800000000000000000e+01,2.825416624300821056e+01,1.764889597654897102e+01,1.060527033206873782e+01,-6.560949894701233096e-08,4.000000000000000000e+01,3.094999999999999929e+01,5.000000000000000000e+01,0.000000000000000000e+00
6.900000000000000000e+01,2.823295321612817688e+01,1.753265736418970633e+01,1.070029587265726256e+01,-2.071879097469911063e-08,4.000000000000000000e+01,3.121000000000000085e+01,5.000000000000000000e+01,0.000000000000000000e+00
7.000000000000000000e+01,2.782154801856652071e+01,1.702895671063287253e+01,1.079259139771506781e+01,-8.978141816042016144e-08,4.000000000000000000e+01,3.121000000000000085e+01,5.000000000000000000e+01,0.000000000000000000e+00
7.100000000000000000e+01,2.791384363340574382e+01,1.702895671063287253e+01,1.088488692277287306e+01,-3.200592623282866873e-15,4.000000000000000000e+01,3.150000000000000000e+01,5.000000000000000000e+01,0.000000000000000000e+00
7.200000000000000000e+01,2.744127408126354695e+01,1.646713675089640816e+01,1.097413743050795176e+01,-1.001408117397235335e-07,4.000000000000000000e+01,3.157000000000000028e+01,5.000000000000000000e+01,0.000000000000000000e+00
7.300000000000000000e+01,2.739417794636701586e+01,1.633152503647725950e+01,1.106265293406168304e+01,-2.417192364499756169e-08,4.000000000000000000e+01,3.166000000000000014e+01,5.000000000000000000e+01,0.000000000000000000e+00
7.400000000000000000e+01,2.730739051909956672e+01,1.615716711793835714e+01,1.115022343223939494e+01,-3.107818381540544261e-08,4.000000000000000000e+01,3.185999999999999943e+01,5.000000000000000000e+01,0.000000000000000000e+00
7.500000000000000000e+01,2.700539892614856541e+01,1.576970507674079691e+01,1.123569391847039967e+01,-6.906262989391357915e-08,4.000000000000000000e+01,3.189000000000000057e+01,5.000000000000000000e+01,0.000000000000000000e+00
7.600000000000000000e+01,2.703243516311116323e+01,1.571158577056115924e+01,1.132084940290939912e+01,-1.035939677989719112e-08,4.000000000000000000e+01,3.214999999999999858e+01,5.000000000000000000e+01,0.000000000000000000e+00
7.700000000000000000e+01,2.661115989904059376e+01,1.520788511700433254e+01,1.140327487181767729e+01,-8.978141779111980508e-08,4.000000000000000000e+01,3.221000000000000085e+01,5.000000000000000000e+01,0.000000000000000000e+00
7.800000000000000000e+01,2.657671682106821365e+01,1.509164650464505897e+01,1.148507033714194314e+01,-2.071879183639830102e-08,4.000000000000000000e+01,3.243999999999999773e+01,5.000000000000000000e+01,0.000000000000000000e+00
7.900000000000000000e+01,2.621051586657333843e+01,1.464606515726786817e+01,1.156445078872749477e+01,-7.942202384251612963e-08,4.000000000000000000e+01,3.250000000000000000e+01,5.000000000000000000e+01,0.000000000000000000e+00
8.000000000000000000e+01,2.617302776091883842e+01,1.452982654490859460e+01,1.164320123672903406e+01,-2.071879146709916889e-08,4.000000000000000000e+01,3.253000000000000114e+01,5.000000000000000000e+01,0.000000000000000000e+00
8.100000000000000000e+01,2.619334391130813344e+01,1.447170723872895870e+01,1.172163668293856809e+01,-1.035939505650123894e-08,4.000000000000000000e+01,3.278999999999999915e+01,5.000000000000000000e+01,0.000000000000000000e+00
8.200000000000000000e+01,2.576534860900809676e+01,1.396800658517213023e+01,1.179734211361738261e+01,-8.978141779111975214e-08,4.000000000000000000e+01,3.282000000000000028e+01,5.000000000000000000e+01,0.000000000000000000e+00
8.300000000000000000e+01,2.578261981113728751e+01,1.390988727899249433e+01,1.187273254250419008e+01,-1.035939751849545539e-08,4.000000000000000000e+01,3.289000000000000057e+01,5.000000000000000000e+01,0.000000000000000000e+00
8.400000000000000000e+01,2.572166350761107623e+01,1.377427556457334745e+01,1.194738796720965013e+01,-2.417192044440508098e-08,4.000000000000000000e+01,3.314000000000000057e+01,5.000000000000000000e+01,0.000000000000000000e+00
8.500000000000000000e+01,2.530936630372983132e+01,1.328994801307639406e+01,1.201941837698172577e+01,-8.632828684421846425e-08,4.000000000000000000e+01,3.314000000000000057e+01,5.000000000000000000e+01,0.000000000000000000e+00
8.600000000000000000e+01,2.538139679983019192e+01,1.328994801307639406e+01,1.209144878675380141e+01,-3.077492912403779192e-15,4.000000000000000000e+01,3.334000000000000341e+01,5.000000000000000000e+01,0.000000000000000000e+00
8.700000000000000000e+01,2.506386508739536367e+01,1.290248597187882496e+01,1.216137918457916811e+01,-6.906262878601743344e-08,4.000000000000000000e+01,3.346999999999999886e+01,5.000000000000000000e+01,0.000000000000000000e+00
8.800000000000000000e+01,2.488058017484888040e+01,1.265063564510041871e+01,1.222994457463917506e+01,-4.489071117290335846e-08,4.000000000000000000e+01,3.346999999999999886e+01,5.000000000000000000e+01,0.000000000000000000e+00
8.900000000000000000e+01,2.494914560979960072e+01,1.265063564510041871e+01,1.229850996469918201e+01,-1.600296386243269883e-15,4.000000000000000000e+01,3.368999999999999773e+01,5.000000000000000000e+01,0.000000000000000000e+00
9.000000000000000000e+01,2.458919266543202298e+01,1.222442739978310300e+01,1.236476534161781160e+01,-7.596889166461765080e-08,4.000000000000000000e+01,3.365999999999999659e+01,5.000000000000000000e+01,0.000000000000000000e+00
9.100000000000000000e+01,2.471388243665057871e+01,1.228254670596273890e+01,1.243133572032844647e+01,1.035939160970910961e-08,4.000000000000000000e+01,3.378999999999999915e+01,5.000000000000000000e+01,0.000000000000000000e+00
9.200000000000000000e+01,2.452723742556733200e+01,1.203069637918431845e+01,1.249654109127372159e+01,-4.489070834161246496e-08,4.000000000000000000e+01,3.400999999999999801e+01,5.000000000000000000e+01,0.000000000000000000e+00
9.300000000000000000e+01,2.416392450697572514e+01,1.160448813386700095e+01,1.255943644907761758e+01,-7.596889326491388785e-08,4.000000000000000000e+01,3.410999999999999943e+01,5.000000000000000000e+01,0.000000000000000000e+00
9.400000000000000000e+01,2.403203887964506080e+01,1.141075711326821818e+01,1.262128180090816087e+01,-3.453131710120245605e-08,4.000000000000000000e+01,3.410999999999999943e+01,5.000000000000000000e+01,0.000000000000000000e+00
9.500000000000000000e+01,2.409388426600692412e+01,1.141075711326821818e+01,1.268312715273870417e+01,-1.230997249217798252e-15,4.000000000000000000e+01,3.436999999999999744e+01,5.000000000000000000e+01,0.000000000000000000e+00
9.600000000000000000e+01,2.364929885896849981e+01,1.090705645971138971e+01,1.274224248903852619e+01,-8.978141742182061338e-08,4.000000000000000000e+01,3.442999999999999972e+01,5.000000000000000000e+01,0.000000000000000000e+00
9.700000000000000000e+01,2.359154564838766177e+01,1.079081784735211791e+01,1.280072782175433588e+01,-2.071879183639828779e-08,4.000000000000000000e+01,3.446999999999999886e+01,5.000000000000000000e+01,0.000000000000000000e+00
9.800000000000000000e+01,2.357211857738088412e+01,1.071332543911260693e+01,1.285879315208080520e+01,-1.381252649580138071e-08,4.000000000000000000e+01,3.453000000000000114e+01,5.000000000000000000e+01,0.000000000000000000e+00
9.900000000000000000e+01,2.351331528485780709e+01,1.059708682675333336e+01,1.291622847882326219e+01,-2.071878912820457823e-08,4.000000000000000000e+01,3.475999999999999801e+01,5.000000000000000000e+01,0.000000000000000000e+00
1.000000000000000000e+02,2.312275419178112656e+01,1.015150547937614256e+01,1.297124879182700496e+01,-7.942202384251602375e-08,4.000000000000000000e+01,3.475999999999999801e+01,5.000000000000000000e+01,0.000000000000000000e+00
1.010000000000000000e+02,2.317777458420688674e+01,1.015150547937614256e+01,1.302626910483074774e+01,-2.831293477480565295e-15,4.000000000000000000e+01,3.485000000000000142e+01,5.000000000000000000e+01,0.000000000000000000e+00
1.020000000000000000e+02,2.305749194221752063e+01,9.977147560837233087e+00,1.308034441245847113e+01,-3.107818295370863451e-08,4.000000000000000000e+01,3.507999999999999829e+01,5.000000000000000000e+01,0.000000000000000000e+00
1.030000000000000000e+02,2.266357084038550340e+01,9.531566213460042292e+00,1.313200470634748207e+01,-7.942202421181516250e-08,4.000000000000000000e+01,3.507999999999999829e+01,5.000000000000000000e+01,0.000000000000000000e+00
1.040000000000000000e+02,2.271523121369652998e+01,9.531566213460042292e+00,1.318366500023649301e+01,-2.831293490645606984e-15,4.000000000000000000e+01,3.524000000000000199e+01,5.000000000000000000e+01,0.000000000000000000e+00
1.050000000000000000e+02,2.245524180982001994e+01,9.221596580501984164e+00,1.323364528456813716e+01,-5.525010302881445762e-08,4.000000000000000000e+01,3.536999999999999744e+01,5.000000000000000000e+01,0.000000000000000000e+00
1.060000000000000000e+02,2.225200676996728788e+01,8.969746253723577922e+00,1.328226056113442155e+01,-4.489071068050449797e-08,4.000000000000000000e+01,3.539999999999999858e+01,5.000000000000000000e+01,0.000000000000000000e+00
1.070000000000000000e+02,2.224218777309324224e+01,8.911626947543940247e+00,1.333056083590869889e+01,-1.035939591819921503e-08,4.000000000000000000e+01,3.542999999999999972e+01,5.000000000000000000e+01,0.000000000000000000e+00
1.080000000000000000e+02,2.223205373989588196e+01,8.853507641364304348e+00,1.337854610889097096e+01,-1.035939468720204891e-08,4.000000000000000000e+01,3.563000000000000256e+01,5.000000000000000000e+01,0.000000000000000000e+00
1.090000000000000000e+02,2.189047690103064170e+01,8.466045600166737017e+00,1.342443136992653407e+01,-6.906262915531649278e-08,4.000000000000000000e+01,3.571999999999999886e+01,5.000000000000000000e+01,0.000000000000000000e+00
1.100000000000000000e+02,2.176105927613573243e+01,8.291687681627839979e+00,1.346937162558607959e+01,-3.107818541570039588e-08,4.000000000000000000e+01,3.571999999999999886e+01,5.000000000000000000e+01,0.000000000000000000e+00
1.110000000000000000e+02,2.180599956287346686e+01,8.291687681627839979e+00,1.351431188124562510e+01,-1.107897525173625296e-15,4.000000000000000000e+01,3.588000000000000256e+01,5.000000000000000000e+01,0.000000000000000000e+00
1.120000000000000000e+02,2.153929012076748606e+01,7.981718048669783627e+00,1.355757212734780381e+01,-5.525010302881439806e-08,4.000000000000000000e+01,3.600999999999999801e+01,5.000000000000000000e+01,0.000000000000000000e+00
1.130000000000000000e+02,2.132933504268528679e+01,7.729867721891376497e+00,1.359946736568462278e+01,-4.489071068050449797e-08,4.000000000000000000e+01,3.603999999999999915e+01,5.000000000000000000e+01,0.000000000000000000e+00
1.140000000000000000e+02,2.131279600758177750e+01,7.671748415711739710e+00,1.364104760222943646e+01,-1.035939591819921503e-08,4.000000000000000000e+01,3.607999999999999829e+01,5.000000000000000000e+01,0.000000000000000000e+00
1.150000000000000000e+02,2.127646383004461228e+01,7.594256007472228731e+00,1.368220783638490801e+01,-1.381252612650217909e-08,4.000000000000000000e+01,3.614000000000000057e+01,5.000000000000000000e+01,0.000000000000000000e+00
1.160000000000000000e+02,2.120075544135053391e+01,7.478017395112956045e+00,1.372273806695636722e+01,-2.071878912820456500e-08,4.000000000000000000e+01,3.632999999999999829e+01,5.000000000000000000e+01,0.000000000000000000e+00
1.170000000000000000e+02,2.087120167654423142e+01,7.109928455975276229e+00,1.376127328617845436e+01,-6.560949808531304793e-08,4.000000000000000000e+01,3.636999999999999744e+01,5.000000000000000000e+01,0.000000000000000000e+00
1.180000000000000000e+02,2.083182453693443748e+01,7.032436047735765250e+00,1.379938850301119935e+01,-1.381252809609759295e-08,4.000000000000000000e+01,3.636999999999999744e+01,5.000000000000000000e+01,0.000000000000000000e+00
1.190000000000000000e+02,2.086993976757970870e+01,7.032436047735765250e+00,1.383750371984394434e+01,-4.923989444482441247e-16,4.000000000000000000e+01,3.650000000000000000e+01,5.000000000000000000e+01,0.000000000000000000e+00
1.200000000000000000e+02,2.065483960497796545e+01,6.780585720957343909e+00,1.387425392891132958e+01,-4.489070871091153092e-08,4.000000000000000000e+01,3.665999999999999659e+01,5.000000000000000000e+01,0.000000000000000000e+00
1.210000000000000000e+02,2.037994016117054485e+01,6.470616087999300881e+00,1.390932412842134802e+01,-5.525010462910819989e-08,4.000000000000000000e+01,3.668999999999999773e+01,5.000000000000000000e+01,0.000000000000000000e+00
1.220000000000000000e+02,2.035657609759962838e+01,6.412496781819664093e+00,1.394407932613936119e+01,-1.035939628749834717e-08,4.000000000000000000e+01,3.668999999999999773e+01,5.000000000000000000e+01,0.000000000000000000e+00
1.230000000000000000e+02,2.039133130567703844e+01,6.412496781819664093e+00,1.397883452385737435e+01,-3.692992160158139679e-16,4.000000000000000000e+01,3.692000000000000171e+01,5.000000000000000000e+01,0.000000000000000000e+00
1.240000000000000000e+02,1.997809006285710964e+01,5.966915434442459976e+00,1.401117470783667329e+01,-7.942202310392019470e-08,4.000000000000000000e+01,3.697999999999999687e+01,5.000000000000000000e+01,0.000000000000000000e+00
1.250000000000000000e+02,1.989356168959637117e+01,5.850676822083200612e+00,1.404288488823195991e+01,-2.071879146709668734e-08,4.000000000000000000e+01,3.700999999999999801e+01,5.000000000000000000e+01,0.000000000000000000e+00
1.260000000000000000e+02,1.986683757237940995e+01,5.792557515903563825e+00,1.407428006683524124e+01,-1.035939505650123894e-08,4.000000000000000000e+01,3.700999999999999801e+01,5.000000000000000000e+01,0.000000000000000000e+00
1.270000000000000000e+02,1.989823276134208641e+01,5.792557515903563825e+00,1.410567524543852258e+01,-3.692991721323429508e-16,4.000000000000000000e+01,3.710999999999999943e+01,5.000000000000000000e+01,0.000000000000000000e+00
1.280000000000000000e+02,1.973484687884191402e+01,5.598826495304780160e+00,1.413602041806844944e+01,-3.453131439300867701e-08,4.000000000000000000e+01,3.732999999999999829e+01,5.000000000000000000e+01,0.000000000000000000e+00
1.290000000000000000e+02,1.933667375157556734e+01,5.172618249987463557e+00,1.416405557755699718e+01,-7.596889289561474909e-08,4.000000000000000000e+01,3.732999999999999829e+01,5.000000000000000000e+01,0.000000000000000000e+00
1.300000000000000000e+02,1.936470898703300492e+01,5.172618249987463557e+00,1.419209073704554491e+01,-2.708193779766564663e-15,4.000000000000000000e+01,3.732999999999999829e+01,5.000000000000000000e+01,0.000000000000000000e+00
1.310000000000000000e+02,1.939274414652155798e+01,5.172618249987463557e+00,1.422012589653409265e+01,-9.654364134072671661e-23,4.000000000000000000e+01,3.739999999999999858e+01,5.000000000000000000e+01,0.000000000000000000e+00
1.320000000000000000e+02,1.928443256323768651e+01,5.037006535568315790e+00,1.424742605184129296e+01,-2.417192007510581980e-08,4.000000000000000000e+01,3.750000000000000000e+01,5.000000000000000000e+01,0.000000000000000000e+00
1.330000000000000000e+02,1.911695168161335445e+01,4.843275514969532125e+00,1.427367620117513880e+01,-3.453131525470666964e-08,4.000000000000000000e+01,3.765999999999999659e+01,5.000000000000000000e+01,0.000000000000000000e+00
1.340000000000000000e+02,1.883155216771300289e+01,4.533305882011488208e+00,1.429824634095161962e+01,-5.525010425980908760e-08,4.000000000000000000e+01,3.765999999999999659e+01,5.000000000000000000e+01,0.000000000000000000e+00
1.350000000000000000e+02,1.885612236273958686e+01,4.533305882011488208e+00,1.432281648072810043e+01,-1.969595488162054197e-15,4.000000000000000000e+01,3.765999999999999659e+01,5.000000000000000000e+01,0.000000000000000000e+00
1.360000000000000000e+02,1.888069250251606945e+01,4.533305882011488208e+00,1.434738662050458124e+01,-7.021355776536095320e-23,4.000000000000000000e+01,3.775000000000000000e+01,5.000000000000000000e+01,0.000000000000000000e+00
1.370000000000000000e+02,1.872995968729943783e+01,4.358947963472578735e+00,1.437101175490504268e+01,-3.107818295370853525e-08,4.000000000000000000e+01,3.785000000000000142e+01,5.000000000000000000e+01,0.000000000000000000e+00
1.380000000000000000e+02,1.855880379167463090e+01,4.165216942873794181e+00,1.439358688333215142e+01,-3.453131550090609989e-08,4.000000000000000000e+01,3.797999999999999687e+01,5.000000000000000000e+01,0.000000000000000000e+00
1.390000000000000000e+02,1.832816357519857675e+01,3.913366616095387496e+00,1.441479700399390040e+01,-4.489070994190624693e-08,4.000000000000000000e+01,3.797999999999999687e+01,5.000000000000000000e+01,0.000000000000000000e+00
1.400000000000000000e+02,1.834937374075103733e+01,3.913366616095387496e+00,1.443600712465564939e+01,-1.600296342359798768e-15,4.000000000000000000e+01,3.803999999999999915e+01,5.000000000000000000e+01,0.000000000000000000e+00
1.410000000000000000e+02,1.825371522475071018e+01,3.797128003736114366e+00,1.445658724173338605e+01,-2.071878863580574752e-08,4.000000000000000000e+01,3.800999999999999801e+01,5.000000000000000000e+01,0.000000000000000000e+00
1.420000000000000000e+02,1.833272968087827337e+01,3.855247309915751153e+00,1.447748236060312799e+01,1.035939357930455324e-08,4.000000000000000000e+01,3.820000000000000284e+01,5.000000000000000000e+01,0.000000000000000000e+00
1.430000000000000000e+02,1.798354077329205580e+01,3.487158370778057126e+00,1.449638246812349784e+01,-6.560949697741808012e-08,4.000000000000000000e+01,3.829999999999999716e+01,5.000000000000000000e+01,0.000000000000000000e+00
1.440000000000000000e+02,1.780765988531848265e+01,3.293427350179287227e+00,1.451423256967051323e+01,-3.453131673190078944e-08,4.000000000000000000e+01,3.829999999999999716e+01,5.000000000000000000e+01,0.000000000000000000e+00
1.450000000000000000e+02,1.782551002139681628e+01,3.293427350179287227e+00,1.453208267121752861e+01,-1.230997236052666632e-15,4.000000000000000000e+01,3.829999999999999716e+01,5.000000000000000000e+01,0.000000000000000000e+00
1.460000000000000000e+02,1.784336012294383167e+01,3.293427350179287227e+00,1.454993277276454400e+01,-4.388347559794576429e-23,4.000000000000000000e+01,3.836999999999999744e+01,5.000000000000000000e+01,0.000000000000000000e+00
1.470000000000000000e+02,1.772486348171842963e+01,3.157815635760139461e+00,1.456704787013021196e+01,-2.417192007510581980e-08,4.000000000000000000e+01,3.853000000000000114e+01,5.000000000000000000e+01,0.000000000000000000e+00
1.480000000000000000e+02,1.743032890549049085e+01,2.847846002802082221e+00,1.458248295793851312e+01,-5.525010389051236422e-08,4.000000000000000000e+01,3.861999999999999744e+01,5.000000000000000000e+01,0.000000000000000000e+00
1.490000000000000000e+02,1.727046109355579873e+01,2.673488084263186515e+00,1.459697304037079668e+01,-3.107818492330155524e-08,4.000000000000000000e+01,3.861999999999999744e+01,5.000000000000000000e+01,0.000000000000000000e+00
1.500000000000000000e+02,1.728495120706626764e+01,2.673488084263186515e+00,1.461146312280308024e+01,-1.107897507620236968e-15,4.000000000000000000e+01,3.861999999999999744e+01,5.000000000000000000e+01,0.000000000000000000e+00
1.510000000000000000e+02,1.729944128949854942e+01,2.673488084263186515e+00,1.462595320523536380e+01,-3.949512786606900937e-23,4.000000000000000000e+01,3.861999999999999744e+01,5.000000000000000000e+01,0.000000000000000000e+00
1.520000000000000000e+02,1.731393137193083476e+01,2.673488084263186515e+00,1.464044328766764735e+01,-1.407950748537858737e-30,4.000000000000000000e+01,3.865999999999999659e+01,5.000000000000000000e+01,0.000000000000000000e+00
1.530000000000000000e+02,1.725050902992174073e+01,2.595995676023675536e+00,1.465451336771058877e+01,-1.381252575720297582e-08,4.000000000000000000e+01,3.885000000000000142e+01,5.000000000000000000e+01,0.000000000000000000e+00
1.540000000000000000e+02,1.689449510768064044e+01,2.227906736885981953e+00,1.466658843640415810e+01,-6.560949783911606614e-08,4.000000000000000000e+01,3.895000000000000284e+01,5.000000000000000000e+01,0.000000000000000000e+00
1.550000000000000000e+02,1.671178918088025256e+01,2.034175716287197844e+00,1.467761349912437296e+01,-3.453131673190327098e-08,4.000000000000000000e+01,3.895000000000000284e+01,5.000000000000000000e+01,0.000000000000000000e+00
1.560000000000000000e+02,1.672281427813178567e+01,2.034175716287197844e+00,1.468863856184458783e+01,-1.230997236052755182e-15,4.000000000000000000e+01,3.895000000000000284e+01,5.000000000000000000e+01,0.000000000000000000e+00
1.570000000000000000e+02,1.673383934085200053e+01,2.034175716287197844e+00,1.469966362456480269e+01,-4.388347559794892049e-23,4.000000000000000000e+01,3.900999999999999801e+01,5.000000000000000000e+01,0.000000000000000000e+00
1.580000000000000000e+02,1.662799576691015346e+01,1.917937103927938480e+00,1.471005868370100522e+01,-2.071878863580323619e-08,4.000000000000000000e+01,3.907000000000000028e+01,5.000000000000000000e+01,0.000000000000000000e+00
1.590000000000000000e+02,1.652152221010307187e+01,1.801698491568665128e+00,1.471982373925319543e+01,-2.071878937440398201e-08,4.000000000000000000e+01,3.924000000000000199e+01,5.000000000000000000e+01,0.000000000000000000e+00
1.600000000000000000e+02,1.620015948249818294e+01,1.472355756550733696e+00,1.472780378465068551e+01,-5.870323520671280410e-08,4.000000000000000000e+01,3.927000000000000313e+01,5.000000000000000000e+01,0.000000000000000000e+00
1.610000000000000000e+02,1.614970526826786923e+01,1.414236450371097131e+00,1.473546882825616855e+01,-1.035939641059803086e-08,4.000000000000000000e+01,3.927000000000000313e+01,5.000000000000000000e+01,0.000000000000000000e+00
1.620000000000000000e+02,1.615737032223274738e+01,1.414236450371097131e+00,1.474313387186165158e+01,-3.692992204041601132e-16,4.000000000000000000e+01,3.927000000000000313e+01,5.000000000000000000e+01,0.000000000000000000e+00
1.630000000000000000e+02,1.616503536583823220e+01,1.414236450371097131e+00,1.475079891546713462e+01,-1.316504444714528697e-23,4.000000000000000000e+01,3.935999999999999943e+01,5.000000000000000000e+01,0.000000000000000000e+00
1.640000000000000000e+02,1.599739745445061700e+01,1.239878531832201203e+00,1.475751895369660005e+01,-3.107818295370608017e-08,4.000000000000000000e+01,3.932999999999999829e+01,5.000000000000000000e+01,0.000000000000000000e+00
1.650000000000000000e+02,1.606255184208930231e+01,1.297997838011837768e+00,1.476455399371807076e+01,1.035939321000540787e-08,4.000000000000000000e+01,3.949000000000000199e+01,5.000000000000000000e+01,0.000000000000000000e+00
1.660000000000000000e+02,1.575793717398585159e+01,9.880282050537806393e-01,1.476990902418217466e+01,-5.525010265951525269e-08,4.000000000000000000e+01,3.959000000000000341e+01,5.000000000000000000e+01,0.000000000000000000e+00
1.670000000000000000e+02,1.556851119859660670e+01,7.942971844549966409e-01,1.477421404867292587e+01,-3.453131636260409252e-08,4.000000000000000000e+01,3.959000000000000341e+01,5.000000000000000000e+01,0.000000000000000000e+00
1.680000000000000000e+02,1.557281625761867261e+01,7.942971844549966409e-01,1.477851907316367708e+01,-1.230997222887712111e-15,4.000000000000000000e+01,3.959000000000000341e+01,5.000000000000000000e+01,0.000000000000000000e+00
1.690000000000000000e+02,1.557712128210942559e+01,7.942971844549966409e-01,1.478282409765442829e+01,-4.388347512863198983e-23,4.000000000000000000e+01,3.959000000000000341e+01,5.000000000000000000e+01,0.000000000000000000e+00
1.700000000000000000e+02,1.558142630660017680e+01,7.942971844549966409e-01,1.478712912214517949e+01,-1.564389710683307152e-30,4.000000000000000000e+01,3.959000000000000341e+01,5.000000000000000000e+01,0.000000000000000000e+00
1.710000000000000000e+02,1.558573133109092801e+01,7.942971844549966409e-01,1.479143414663593070e+01,-5.576849052446711160e-38,4.000000000000000000e+01,3.978000000000000114e+01,5.000000000000000000e+01,0.000000000000000000e+00
1.720000000000000000e+02,1.521995233948513082e+01,4.262082453173166030e-01,1.479374415977730983e+01,-6.560949734671474395e-08,4.000000000000000000e+01,3.988000000000000256e+01,5.000000000000000000e+01,0.000000000000000000e+00
1.730000000000000000e+02,1.502748135713255095e+01,2.324772247185325769e-01,1.479500416694533449e+01,-3.453131673190325113e-08,4.000000000000000000e+01,3.988000000000000256e+01,5.000000000000000000e+01,0.000000000000000000e+00
1.740000000000000000e+02,1.502874139883189031e+01,2.324772247185325769e-01,1.479626417411335915e+01,-1.230997236052754393e-15,4.000000000000000000e+01,3.990999999999999659e+01,5.000000000000000000e+01,0.000000000000000000e+00
1.750000000000000000e+02,1.497156708766889288e+01,1.743579185389097508e-01,1.479720917948937853e+01,-1.035939431790043688e-08,4.000000000000000000e+01,3.993999999999999773e+01,5.000000000000000000e+01,0.000000000000000000e+00
1.760000000000000000e+02,1.491407778507326931e+01,1.162386123592731718e-01,1.479783918307339086e+01,-1.035939468720199100e-08,4.000000000000000000e+01,3.959000000000000341e+01,5.000000000000000000e+01,0.000000000000000000e+00
1.770000000000000000e+02,1.559644151287873903e+01,7.942971844549966409e-01,1.480214420756414206e+01,1.208596000062274820e-07,4.000000000000000000e+01,3.990999999999999659e+01,5.000000000000000000e+01,0.000000000000000000e+00
1.780000000000000000e+02,1.497744702097886993e+01,1.743579185389097508e-01,1.480308921294016145e+01,-1.105002017491337839e-07,4.000000000000000000e+01,4.017000000000000171e+01,5.000000000000000000e+01,0.000000000000000000e+00
1.790000000000000000e+02,1.447196137798610671e+01,-3.293427350179314317e-01,1.480130420278545955e+01,-8.978142136101376050e-08,4.000000000000000000e+01,4.010999999999999943e+01,5.000000000000000000e+01,0.000000000000000000e+00
1.800000000000000000e+02,1.458704509427489704e+01,-2.131041226586583015e-01,1.480014919621476999e+01,2.071878543521295247e-08,4.000000000000000000e+01,4.020000000000000284e+01,5.000000000000000000e+01,0.000000000000000000e+00
1.810000000000000000e+02,1.441058711199231368e+01,-3.874620411975680523e-01,1.479804918426806282e+01,-3.107818221511035700e-08,4.000000000000000000e+01,4.022999999999999687e+01,5.000000000000000000e+01,0.000000000000000000e+00
1.820000000000000000e+02,1.435005281279276268e+01,-4.455813473771908506e-01,1.479563417052934859e+01,-1.035939542579780351e-08,4.000000000000000000e+01,4.022999999999999687e+01,5.000000000000000000e+01,0.000000000000000000e+00
1.830000000000000000e+02,1.434763780941344358e+01,-4.455813473771908506e-01,1.479321915679063437e+01,-3.692991852972926889e-16,4.000000000000000000e+01,4.022999999999999687e+01,5.000000000000000000e+01,0.000000000000000000e+00
1.840000000000000000e+02,1.434522279567472935e+01,-4.455813473771908506e-01,1.479080414305192015e+01,-1.316504319563040580e-23,4.000000000000000000e+01,4.022999999999999687e+01,5.000000000000000000e+01,0.000000000000000000e+00
1.850000000000000000e+02,1.434280778193601513e+01,-4.455813473771908506e-01,1.478838912931320593e+01,-4.693169366276558472e-31,4.000000000000000000e+01,4.022999999999999687e+01,5.000000000000000000e+01,0.000000000000000000e+00
1.860000000000000000e+02,1.434039276819730091e+01,-4.455813473771908506e-01,1.478597411557449171e+01,-1.673054799232811138e-38,4.000000000000000000e+01,4.022999999999999687e+01,5.000000000000000000e+01,0.000000000000000000e+00
1.870000000000000000e+02,1.433797775445858669e+01,-4.455813473771908506e-01,1.478355910183577748e+01,-5.964226182309475472e-46,4.000000000000000000e+01,4.029999999999999716e+01,5.000000000000000000e+01,0.000000000000000000e+00
1.880000000000000000e+02,1.419921599794745859e+01,-5.811930617963383394e-01,1.478040908391571584e+01,-2.417192007510581980e-08,4.000000000000000000e+01,4.029999999999999716e+01,5.000000000000000000e+01,0.000000000000000000e+00
1.890000000000000000e+02,1.419606600419931652e+01,-5.811930617963383394e-01,1.477725906599565420e+01,-8.616980068719008058e-16,4.000000000000000000e+01,4.032999999999999829e+01,5.000000000000000000e+01,0.000000000000000000e+00
1.900000000000000000e+02,1.413448166794821681e+01,-6.393123679759749045e-01,1.477379404628358728e+01,-1.035939431790287707e-08,4.000000000000000000e+01,4.039999999999999858e+01,5.000000000000000000e+01,0.000000000000000000e+00
1.910000000000000000e+02,1.399466991582312936e+01,-7.749240823951223378e-01,1.476959402239017116e+01,-2.417192044440496517e-08,4.000000000000000000e+01,4.039999999999999858e+01,5.000000000000000000e+01,0.000000000000000000e+00
1.920000000000000000e+02,1.399046991610163282e+01,-7.749240823951223378e-01,1.476539399849675505e+01,-8.616980200369425941e-16,4.000000000000000000e+01,4.049000000000000199e+01,5.000000000000000000e+01,0.000000000000000000e+00
1.930000000000000000e+02,1.381096693721510604e+01,-9.492820009340320331e-01,1.476024896922732133e+01,-3.107818295370856833e-08,4.000000000000000000e+01,4.056000000000000227e+01,5.000000000000000000e+01,0.000000000000000000e+00
1.940000000000000000e+02,1.366947519625144025e+01,-1.084893715353179466e+00,1.475436893577654018e+01,-2.417192118300325591e-08,4.000000000000000000e+01,4.056000000000000227e+01,5.000000000000000000e+01,0.000000000000000000e+00
1.950000000000000000e+02,1.366359518697257869e+01,-1.084893715353179466e+00,1.474848890232575904e+01,-8.616980463670261708e-16,4.000000000000000000e+01,4.056000000000000227e+01,5.000000000000000000e+01,0.000000000000000000e+00
1.960000000000000000e+02,1.365771515352179932e+01,-1.084893715353179466e+00,1.474260886887497790e+01,-3.071843224587637964e-23,4.000000000000000000e+01,4.056000000000000227e+01,5.000000000000000000e+01,0.000000000000000000e+00
1.970000000000000000e+02,1.365183512007101641e+01,-1.084893715353179466e+00,1.473672883542419676e+01,-1.095072785209237211e-30,4.000000000000000000e+01,4.056000000000000227e+01,5.000000000000000000e+01,0.000000000000000000e+00
1.980000000000000000e+02,1.364595508662023704e+01,-1.084893715353179466e+00,1.473084880197341562e+01,-3.903794292975006254e-38,4.000000000000000000e+01,4.056000000000000227e+01,5.000000000000000000e+01,0.000000000000000000e+00
1.990000000000000000e+02,1.364007505316945412e+01,-1.084893715353179466e+00,1.472496876852263448e+01,-1.391652690825694638e-45,4.000000000000000000e+01,4.056000000000000227e+01,5.000000000000000000e+01,0.000000000000000000e+00
2.000000000000000000e+02,1.274177592566512196e+01,-1.084893715353179466e+00,1.471908873507185334e+01,-4.961063689671201878e-53,4.000000000000000000e+01,4.059000000000000341e+01,7.000000000000000000e+01,0.000000000000000000e+00
2.010000000000000000e+02,1.182393063132771260e+01,-1.143013021532816031e+00,1.471289369982906514e+01,-1.035939431790284563e-08,4.000000000000000000e+01,4.056000000000000227e+01,7.000000000000000000e+01,0.000000000000000000e+00
2.020000000000000000e+02,1.105984524089239329e+01,-1.084893715353179466e+00,1.470701366637828400e+01,1.035939394860370026e-08,4.000000000000000000e+01,4.056000000000000227e+01,7.000000000000000000e+01,0.000000000000000000e+00
2.030000000000000000e+02,1.027323769875815529e+01,-1.084893715353179466e+00,1.470113363292750286e+01,3.692991326372139373e-16,4.000000000000000000e+01,4.059000000000000341e+01,7.000000000000000000e+01,0.000000000000000000e+00
2.040000000000000000e+02,9.462253476171845534e+00,-1.143013021532816031e+00,1.469493859768471467e+01,-1.035939431790283240e-08,4.000000000000000000e+01,4.061999999999999744e+01,7.000000000000000000e+01,0.000000000000000000e+00
2.050000000000000000e+02,8.683538843943251706e+00,-1.201132327712438830e+00,1.468842856064992120e+01,-1.035939468719953759e-08,4.000000000000000000e+01,4.059000000000000341e+01,7.000000000000000000e+01,0.000000000000000000e+00
2.060000000000000000e+02,8.052553021896088126e+00,-1.143013021532816031e+00,1.468223352540713300e+01,1.035939394860123361e-08,4.000000000000000000e+01,4.059000000000000341e+01,7.000000000000000000e+01,0.000000000000000000e+00
2.070000000000000000e+02,7.393274521716209691e+00,-1.143013021532816031e+00,1.467603849016434481e+01,3.692991326371260286e-16,4.000000000000000000e+01,4.068999999999999773e+01,7.000000000000000000e+01,0.000000000000000000e+00
2.080000000000000000e+02,6.567751373807407589e+00,-1.336744042131586374e+00,1.466879344894820392e+01,-3.453131439300620209e-08,4.000000000000000000e+01,4.081000000000000227e+01,7.000000000000000000e+01,0.000000000000000000e+00
2.090000000000000000e+02,5.729523932613444615e+00,-1.569221266850132634e+00,1.466028840056403837e+01,-4.143757850260853377e-08,4.000000000000000000e+01,4.075000000000000000e+01,7.000000000000000000e+01,0.000000000000000000e+00
2.100000000000000000e+02,5.266763114457457817e+00,-1.452982654490859504e+00,1.465241335576388515e+01,2.071878715860906346e-08,4.000000000000000000e+01,4.088000000000000256e+01,7.000000000000000000e+01,0.000000000000000000e+00
2.110000000000000000e+02,4.459538789565902661e+00,-1.704832981269280179e+00,1.464317330319837041e+01,-4.489070797231327327e-08,4.000000000000000000e+01,4.064999999999999858e+01,7.000000000000000000e+01,0.000000000000000000e+00
2.120000000000000000e+02,4.376070592355139510e+00,-1.259251633892075395e+00,1.463634826437156988e+01,7.942202150362390471e-08,4.000000000000000000e+01,4.085000000000000142e+01,7.000000000000000000e+01,0.000000000000000000e+00
2.130000000000000000e+02,3.480333371776971774e+00,-1.646713675089643614e+00,1.462742321359806219e+01,-6.906262595472393927e-08,4.000000000000000000e+01,4.088000000000000256e+01,7.000000000000000000e+01,0.000000000000000000e+00
2.140000000000000000e+02,2.935508841758043275e+00,-1.704832981269280179e+00,1.461818316103254745e+01,-1.035939677989705050e-08,4.000000000000000000e+01,4.088000000000000256e+01,7.000000000000000000e+01,0.000000000000000000e+00
2.150000000000000000e+02,2.469741189141444693e+00,-1.704832981269280179e+00,1.460894310846703270e+01,-3.692992335691974148e-16,4.000000000000000000e+01,4.068999999999999773e+01,7.000000000000000000e+01,0.000000000000000000e+00
2.160000000000000000e+02,2.394088953001610065e+00,-1.336744042131586374e+00,1.460169806725089181e+01,6.560949734671719241e-08,4.000000000000000000e+01,4.088000000000000256e+01,7.000000000000000000e+01,0.000000000000000000e+00
2.170000000000000000e+02,1.599427986400016266e+00,-1.704832981269280179e+00,1.459245801468537707e+01,-6.560949500782261168e-08,4.000000000000000000e+01,4.088000000000000256e+01,7.000000000000000000e+01,0.000000000000000000e+00
2.180000000000000000e+02,1.191190919768514433e+00,-1.704832981269280179e+00,1.458321796211986232e+01,-2.338894506702325551e-15,4.000000000000000000e+01,4.088000000000000256e+01,7.000000000000000000e+01,0.000000000000000000e+00
2.190000000000000000e+02,8.004948040428327971e-01,-1.704832981269280179e+00,1.457397790955434758e+01,-8.337859501631702191e-23,4.000000000000000000e+01,4.088000000000000256e+01,7.000000000000000000e+01,0.000000000000000000e+00
2.200000000000000000e+02,4.265802534823350811e-01,-1.704832981269280179e+00,1.456473785698883283e+01,-2.972340174801990560e-30,4.000000000000000000e+01,4.088000000000000256e+01,7.000000000000000000e+01,0.000000000000000000e+00
2.210000000000000000e+02,6.872063139654649433e-02,-1.704832981269280179e+00,1.455549780442331809e+01,-1.059601221753973436e-37,4.000000000000000000e+01,4.088000000000000256e+01,7.000000000000000000e+01,0.000000000000000000e+00
2.220000000000000000e+02,0.000000000000000000e+00,-1.704832981269280179e+00,1.454625775185780334e+01,-3.777342710167110195e-45,4.000000000000000000e+01,4.088000000000000256e+01,7.000000000000000000e+01,0.000000000000000000e+00
2.230000000000000000e+02,0.000000000000000000e+00,-1.704832981269280179e+00,1.453701769929228860e+01,-1.346574320331006437e-52,4.000000000000000000e+01,4.088000000000000256e+01,7.000000000000000000e+01,0.000000000000000000e+00
2.240000000000000000e+02,0.000000000000000000e+00,-1.704832981269280179e+00,1.452777764672677385e+01,-4.800365069588014783e-60,4.000000000000000000e+01,4.088000000000000256e+01,7.000000000000000000e+01,0.000000000000000000e+00
2.250000000000000000e+02,0.000000000000000000e+00,-1.704832981269280179e+00,1.451853759416125911e+01,-1.711268695192132797e-67,4.000000000000000000e+01,4.088000000000000256e+01,7.000000000000000000e+01,0.000000000000000000e+00
2.260000000000000000e+02,0.000000000000000000e+00,-1.704832981269280179e+00,1.450929754159574436e+01,-6.100453829433257429e-75,4.000000000000000000e+01,4.088000000000000256e+01,7.000000000000000000e+01,0.000000000000000000e+00
2.270000000000000000e+02,0.000000000000000000e+00,-1.704832981269280179e+00,1.450005748903022962e+01,-2.174733694925010776e-82,4.000000000000000000e+01,4.088000000000000256e+01,7.000000000000000000e+01,0.000000000000000000e+00
2.280000000000000000e+02,0.000000000000000000e+00,-1.704832981269280179e+00,1.449081743646471487e+01,-7.752647222774842986e-90,4.000000000000000000e+01,4.093999999999999773e+01,7.000000000000000000e+01,0.000000000000000000e+00
2.290000000000000000e+02,0.000000000000000000e+00,-1.821071593628539542e+00,1.448094738031518780e+01,-2.071878863580323619e-08,4.000000000000000000e+01,4.093999999999999773e+01,7.000000000000000000e+01,0.000000000000000000e+00
2.300000000000000000e+02,0.000000000000000000e+00,-1.821071593628539542e+00,1.447107732416566073e+01,-7.385982916044239864e-16,4.000000000000000000e+01,4.088000000000000256e+01,7.000000000000000000e+01,0.000000000000000000e+00
2.310000000000000000e+02,0.000000000000000000e+00,-1.704832981269280179e+00,1.446183727160014598e+01,2.071878863580320973e-08,4.000000000000000000e+01,4.090999999999999659e+01,7.000000000000000000e+01,0.000000000000000000e+00
2.320000000000000000e+02,0.000000000000000000e+00,-1.762952287448902977e+00,1.445228221724262596e+01,-1.035939357930209982e-08,4.000000000000000000e+01,4.088000000000000256e+01,7.000000000000000000e+01,0.000000000000000000e+00
2.330000000000000000e+02,0.000000000000000000e+00,-1.704832981269280179e+00,1.444304216467711122e+01,1.035939394860127332e-08,4.000000000000000000e+01,4.097999999999999687e+01,7.000000000000000000e+01,0.000000000000000000e+00
2.340000000000000000e+02,0.000000000000000000e+00,-1.898564001868050299e+00,1.443275210613824378e+01,-3.453131402370708319e-08,4.000000000000000000e+01,4.093999999999999773e+01,7.000000000000000000e+01,0.000000000000000000e+00
2.350000000000000000e+02,0.000000000000000000e+00,-1.821071593628539542e+00,1.442288204998871670e+01,1.381252452620583617e-08,4.000000000000000000e+01,4.100999999999999801e+01,7.000000000000000000e+01,0.000000000000000000e+00
2.360000000000000000e+02,0.000000000000000000e+00,-1.956683308047686864e+00,1.441227698965784221e+01,-2.417191958270700232e-08,4.000000000000000000e+01,4.100999999999999801e+01,7.000000000000000000e+01,0.000000000000000000e+00
2.370000000000000000e+02,0.000000000000000000e+00,-1.956683308047686864e+00,1.440167192932696771e+01,-8.616979893185132667e-16,4.000000000000000000e+01,4.103999999999999915e+01,7.000000000000000000e+01,0.000000000000000000e+00
2.380000000000000000e+02,0.000000000000000000e+00,-2.014802614227323652e+00,1.439075186720408794e+01,-1.035939431790287707e-08,4.000000000000000000e+01,4.110000000000000142e+01,7.000000000000000000e+01,0.000000000000000000e+00
2.390000000000000000e+02,0.000000000000000000e+00,-2.131041226586596782e+00,1.437920180149719585e+01,-2.071878900510483664e-08,4.000000000000000000e+01,4.117000000000000171e+01,7.000000000000000000e+01,0.000000000000000000e+00
2.400000000000000000e+02,0.000000000000000000e+00,-2.266652941005744104e+00,1.436691673160895633e+01,-2.417192081370412378e-08,4.000000000000000000e+01,4.114000000000000057e+01,7.000000000000000000e+01,0.000000000000000000e+00
2.410000000000000000e+02,0.000000000000000000e+00,-2.208533634826107761e+00,1.435494666351272208e+01,1.035939345620481164e-08,4.000000000000000000e+01,4.110000000000000142e+01,7.000000000000000000e+01,0.000000000000000000e+00
2.420000000000000000e+02,0.000000000000000000e+00,-2.131041226586596782e+00,1.434339659780582998e+01,1.381252612650209141e-08,4.000000000000000000e+01,4.110000000000000142e+01,7.000000000000000000e+01,0.000000000000000000e+00
2.430000000000000000e+02,0.000000000000000000e+00,-2.131041226586596782e+00,1.433184653209893789e+01,4.923988742346858824e-16,4.000000000000000000e+01,4.120000000000000284e+01,7.000000000000000000e+01,0.000000000000000000e+00
2.440000000000000000e+02,0.000000000000000000e+00,-2.324772247185380891e+00,1.431924646041869131e+01,-3.453131439300864393e-08,4.000000000000000000e+01,4.117000000000000171e+01,7.000000000000000000e+01,0.000000000000000000e+00
2.450000000000000000e+02,0.000000000000000000e+00,-2.266652941005744104e+00,1.430696139053045179e+01,1.035939308690569274e-08,4.000000000000000000e+01,4.117000000000000171e+01,7.000000000000000000e+01,0.000000000000000000e+00
2.460000000000000000e+02,0.000000000000000000e+00,-2.266652941005744104e+00,1.429467632064221227e+01,3.692991019187830815e-16,4.000000000000000000e+01,4.120000000000000284e+01,7.000000000000000000e+01,0.000000000000000000e+00
2.470000000000000000e+02,0.000000000000000000e+00,-2.324772247185380891e+00,1.428207624896196570e+01,-1.035939431790283240e-08,4.000000000000000000e+01,4.120000000000000284e+01,7.000000000000000000e+01,0.000000000000000000e+00
2.480000000000000000e+02,0.000000000000000000e+00,-2.324772247185380891e+00,1.426947617728171913e+01,-3.692991458022552819e-16,4.000000000000000000e+01,4.120000000000000284e+01,7.000000000000000000e+01,0.000000000000000000e+00
2.490000000000000000e+02,0.000000000000000000e+00,-2.324772247185380891e+00,1.425687610560147256e+01,-1.316504178768288171e-23,4.000000000000000000e+01,4.120000000000000284e+01,7.000000000000000000e+01,0.000000000000000000e+00
2.500000000000000000e+02,0.000000000000000000e+00,-2.324772247185380891e+00,1.424427603392122599e+01,-4.693168864361290077e-31,4.000000000000000000e+01,4.120000000000000284e+01,7.000000000000000000e+01,0.000000000000000000e+00
2.510000000000000000e+02,0.000000000000000000e+00,-2.324772247185380891e+00,1.423167596224097942e+01,-1.673054620306443074e-38,4.000000000000000000e+01,4.120000000000000284e+01,7.000000000000000000e+01,0.000000000000000000e+00
2.520000000000000000e+02,0.000000000000000000e+00,-2.324772247185380891e+00,1.421907589056073284e+01,-5.964225544459878587e-46,4.000000000000000000e+01,4.120000000000000284e+01,7.000000000000000000e+01,0.000000000000000000e+00
2.530000000000000000e+02,0.000000000000000000e+00,-2.324772247185380891e+00,1.420647581888048627e+01,-2.126170055265274820e-53,4.000000000000000000e+01,4.120000000000000284e+01,7.000000000000000000e+01,0.000000000000000000e+00
2.540000000000000000e+02,0.000000000000000000e+00,-2.324772247185380891e+00,1.419387574720023970e+01,-7.579524064286754736e-61,4.000000000000000000e+01,4.120000000000000284e+01,7.000000000000000000e+01,0.000000000000000000e+00
2.550000000000000000e+02,0.000000000000000000e+00,-2.324772247185380891e+00,1.418127567551999313e+01,-2.702003299257935771e-68,4.000000000000000000e+01,4.122999999999999687e+01,7.000000000000000000e+01,0.000000000000000000e+00
2.560000000000000000e+02,0.000000000000000000e+00,-2.382891553365003467e+00,1.416836060204774128e+01,-1.035939431790039222e-08,4.000000000000000000e+01,4.135999999999999943e+01,7.000000000000000000e+01,0.000000000000000000e+00
2.570000000000000000e+02,0.000000000000000000e+00,-2.634741880143423920e+00,1.415408052081012791e+01,-4.489070908021065644e-08,4.000000000000000000e+01,4.129999999999999716e+01,7.000000000000000000e+01,0.000000000000000000e+00
2.580000000000000000e+02,0.000000000000000000e+00,-2.518503267784150790e+00,1.414043044315652686e+01,2.071878703550937812e-08,4.000000000000000000e+01,4.135999999999999943e+01,7.000000000000000000e+01,0.000000000000000000e+00
2.590000000000000000e+02,0.000000000000000000e+00,-2.634741880143423920e+00,1.412615036191891349e+01,-2.071878789720745677e-08,4.000000000000000000e+01,4.152000000000000313e+01,7.000000000000000000e+01,0.000000000000000000e+00
2.600000000000000000e+02,0.000000000000000000e+00,-2.944711513101481160e+00,1.411019027112393509e+01,-5.525010376741262263e-08,4.000000000000000000e+01,4.152000000000000313e+01,7.000000000000000000e+01,0.000000000000000000e+00
2.610000000000000000e+02,0.000000000000000000e+00,-2.944711513101481160e+00,1.409423018032895669e+01,-1.969595470608750475e-15,4.000000000000000000e+01,4.146000000000000085e+01,7.000000000000000000e+01,0.000000000000000000e+00
2.620000000000000000e+02,0.000000000000000000e+00,-2.828472900742208029e+00,1.407890009311799062e+01,2.071878863580562178e-08,4.000000000000000000e+01,4.152000000000000313e+01,7.000000000000000000e+01,0.000000000000000000e+00
2.630000000000000000e+02,0.000000000000000000e+00,-2.944711513101481160e+00,1.406294000232301222e+01,-2.071878789720740053e-08,4.000000000000000000e+01,4.152000000000000313e+01,7.000000000000000000e+01,0.000000000000000000e+00
2.640000000000000000e+02,0.000000000000000000e+00,-2.944711513101481160e+00,1.404697991152803382e+01,-7.385982652744278747e-16,4.000000000000000000e+01,4.152000000000000313e+01,7.000000000000000000e+01,0.000000000000000000e+00
2.650000000000000000e+02,0.000000000000000000e+00,-2.944711513101481160e+00,1.403101982073305543e+01,-2.633008263673202259e-23,4.000000000000000000e+01,4.152000000000000313e+01,7.000000000000000000e+01,0.000000000000000000e+00
2.660000000000000000e+02,0.000000000000000000e+00,-2.944711513101481160e+00,1.401505972993807703e+01,-9.386337394111667878e-31,4.000000000000000000e+01,4.152000000000000313e+01,7.000000000000000000e+01,0.000000000000000000e+00
2.670000000000000000e+02,0.000000000000000000e+00,-2.944711513101481160e+00,1.399909963914309863e+01,-3.346109121328379587e-38,4.000000000000000000e+01,4.152000000000000313e+01,7.000000000000000000e+01,0.000000000000000000e+00
2.680000000000000000e+02,0.000000000000000000e+00,-2.944711513101481160e+00,1.398313954834812023e+01,-1.192845066368576172e-45,4.000000000000000000e+01,4.152000000000000313e+01,7.000000000000000000e+01,0.000000000000000000e+00
2.690000000000000000e+02,0.000000000000000000e+00,-2.944711513101481160e+00,1.396717945755314183e+01,-4.252339958940073573e-53,4.000000000000000000e+01,4.156000000000000227e+01,7.000000000000000000e+01,0.000000000000000000e+00
2.700000000000000000e+02,0.000000000000000000e+00,-3.022203921340992139e+00,1.395079936436882129e+01,-1.381252575720297582e-08,4.000000000000000000e+01,4.156000000000000227e+01,7.000000000000000000e+01,0.000000000000000000e+00
2.710000000000000000e+02,0.000000000000000000e+00,-3.022203921340992139e+00,1.393441927118450074e+01,-4.923988610696451788e-16,4.000000000000000000e+01,4.159000000000000341e+01,7.000000000000000000e+01,0.000000000000000000e+00
2.720000000000000000e+02,0.000000000000000000e+00,-3.080323227520628926e+00,1.391772417620817492e+01,-1.035939431790286383e-08,4.000000000000000000e+01,4.156000000000000227e+01,7.000000000000000000e+01,0.000000000000000000e+00
2.730000000000000000e+02,0.000000000000000000e+00,-3.022203921340992139e+00,1.390134408302385438e+01,1.035939394860370026e-08,4.000000000000000000e+01,4.161999999999999744e+01,7.000000000000000000e+01,0.000000000000000000e+00
2.740000000000000000e+02,0.000000000000000000e+00,-3.138442533700251502e+00,1.388433398625552151e+01,-2.071878826650410406e-08,4.000000000000000000e+01,4.175000000000000000e+01,7.000000000000000000e+01,0.000000000000000000e+00
2.750000000000000000e+02,0.000000000000000000e+00,-3.390292860478671955e+00,1.386595888172182889e+01,-4.489070944950978857e-08,4.000000000000000000e+01,4.178000000000000114e+01,7.000000000000000000e+01,0.000000000000000000e+00
2.760000000000000000e+02,0.000000000000000000e+00,-3.448412166658308742e+00,1.384726877539612921e+01,-1.035939591819917036e-08,4.000000000000000000e+01,4.181000000000000227e+01,7.000000000000000000e+01,0.000000000000000000e+00
2.770000000000000000e+02,0.000000000000000000e+00,-3.506531472837945529e+00,1.382826366727842426e+01,-1.035939468720204891e-08,4.000000000000000000e+01,4.185000000000000142e+01,7.000000000000000000e+01,0.000000000000000000e+00
2.780000000000000000e+02,0.000000000000000000e+00,-3.584023881077456064e+00,1.380883855677137717e+01,-1.381252612650213443e-08,4.000000000000000000e+01,4.181000000000000227e+01,7.000000000000000000e+01,0.000000000000000000e+00
2.790000000000000000e+02,0.000000000000000000e+00,-3.506531472837945529e+00,1.378983344865367222e+01,1.381252526480410209e-08,4.000000000000000000e+01,4.181000000000000227e+01,7.000000000000000000e+01,0.000000000000000000e+00
2.800000000000000000e+02,0.000000000000000000e+00,-3.506531472837945529e+00,1.377082834053596727e+01,4.923988435162556675e-16,4.000000000000000000e+01,4.185000000000000142e+01,7.000000000000000000e+01,0.000000000000000000e+00
2.810000000000000000e+02,0.000000000000000000e+00,-3.584023881077456064e+00,1.375140323002892018e+01,-1.381252575720295762e-08,4.000000000000000000e+01,4.185000000000000142e+01,7.000000000000000000e+01,0.000000000000000000e+00
2.820000000000000000e+02,0.000000000000000000e+00,-3.584023881077456064e+00,1.373197811952187308e+01,-4.923988610696444885e-16,4.000000000000000000e+01,4.185000000000000142e+01,7.000000000000000000e+01,0.000000000000000000e+00
2.830000000000000000e+02,0.000000000000000000e+00,-3.584023881077456064e+00,1.371255300901482599e+01,-1.755338905024280000e-23,4.000000000000000000e+01,4.185000000000000142e+01,7.000000000000000000e+01,0.000000000000000000e+00
2.840000000000000000e+02,0.000000000000000000e+00,-3.584023881077456064e+00,1.369312789850777889e+01,-6.257558485814682092e-31,4.000000000000000000e+01,4.185000000000000142e+01,7.000000000000000000e+01,0.000000000000000000e+00
2.850000000000000000e+02,0.000000000000000000e+00,-3.584023881077456064e+00,1.367370278800073180e+01,-2.230739493741791853e-38,4.000000000000000000e+01,4.188000000000000256e+01,7.000000000000000000e+01,0.000000000000000000e+00
2.860000000000000000e+02,0.000000000000000000e+00,-3.642143187257092851e+00,1.365396267570167943e+01,-1.035939431790284563e-08,4.000000000000000000e+01,4.190999999999999659e+01,7.000000000000000000e+01,0.000000000000000000e+00
2.870000000000000000e+02,0.000000000000000000e+00,-3.700262493436715427e+00,1.363390756161062001e+01,-1.035939468719953759e-08,4.000000000000000000e+01,4.190999999999999659e+01,7.000000000000000000e+01,0.000000000000000000e+00
2.880000000000000000e+02,0.000000000000000000e+00,-3.700262493436715427e+00,1.361385244751956058e+01,-3.692991589672100490e-16,4.000000000000000000e+01,4.193999999999999773e+01,7.000000000000000000e+01,0.000000000000000000e+00
2.890000000000000000e+02,0.000000000000000000e+00,-3.758381799616352215e+00,1.359348233163649589e+01,-1.035939431790285887e-08,4.000000000000000000e+01,4.214000000000000057e+01,7.000000000000000000e+01,0.000000000000000000e+00
2.900000000000000000e+02,0.000000000000000000e+00,-4.145843840813919989e+00,1.357101220380672224e+01,-6.906262915531647955e-08,4.000000000000000000e+01,4.203999999999999915e+01,7.000000000000000000e+01,0.000000000000000000e+00
2.910000000000000000e+02,0.000000000000000000e+00,-3.952112820215136324e+00,1.354959208195030307e+01,3.453131193101434807e-08,4.000000000000000000e+01,4.214000000000000057e+01,7.000000000000000000e+01,0.000000000000000000e+00
2.920000000000000000e+02,0.000000000000000000e+00,-4.145843840813919989e+00,1.352712195412052942e+01,-3.453131316201159857e-08,4.000000000000000000e+01,4.217000000000000171e+01,7.000000000000000000e+01,0.000000000000000000e+00
2.930000000000000000e+02,0.000000000000000000e+00,-4.203963146993556776e+00,1.350433682449875050e+01,-1.035939554889995386e-08,4.000000000000000000e+01,4.217000000000000171e+01,7.000000000000000000e+01,0.000000000000000000e+00
2.940000000000000000e+02,0.000000000000000000e+00,-4.203963146993556776e+00,1.348155169487697158e+01,-3.692991896857267921e-16,4.000000000000000000e+01,4.217000000000000171e+01,7.000000000000000000e+01,0.000000000000000000e+00
2.950000000000000000e+02,0.000000000000000000e+00,-4.203963146993556776e+00,1.345876656525519266e+01,-1.316504335207246444e-23,4.000000000000000000e+01,4.217000000000000171e+01,7.000000000000000000e+01,0.000000000000000000e+00
2.960000000000000000e+02,0.000000000000000000e+00,-4.203963146993556776e+00,1.343598143563341374e+01,-4.693169422046149417e-31,4.000000000000000000e+01,4.217000000000000171e+01,7.000000000000000000e+01,0.000000000000000000e+00
2.970000000000000000e+02,0.000000000000000000e+00,-4.203963146993556776e+00,1.341319630601163482e+01,-1.673054819113956360e-38,4.000000000000000000e+01,4.217000000000000171e+01,7.000000000000000000e+01,0.000000000000000000e+00
2.980000000000000000e+02,0.000000000000000000e+00,-4.203963146993556776e+00,1.339041117638985590e+01,-5.964226253183212893e-46,4.000000000000000000e+01,4.217000000000000171e+01,7.000000000000000000e+01,0.000000000000000000e+00
2.990000000000000000e+02,0.000000000000000000e+00,-4.203963146993556776e+00,1.336762604676807698e+01,-2.126170307916070891e-53,4.000000000000000000e+01,4.217000000000000171e+01,7.000000000000000000e+01,0.000000000000000000e+00
3.000000000000000000e+02,0.000000000000000000e+00,-4.203963146993556776e+00,1.334484091714629805e+01,-7.579524964954499199e-61,4.000000000000000000e+01,4.220000000000000284e+01,7.000000000000000000e+01,0.000000000000000000e+00
