t,MV,MVP,MVI,MVD,SP,PV,DV,Man
0.000000000000000000e+00,7.791241062885406166e+01,7.749240823951251400e+01,4.200023893415471554e-01,0.000000000000000000e+00,4.000000000000000000e+01,2.157999999999999829e+01,5.000000000000000000e+01,0.000000000000000000e+00
1.000000000000000000e+00,3.629866003207119718e+01,3.568525399429551470e+01,6.134134896333296449e-01,-7.451857646011163533e-06,4.000000000000000000e+01,2.164000000000000057e+01,5.000000000000000000e+01,0.000000000000000000e+00
2.000000000000000000e+00,3.637520994755828241e+01,3.556901538193623935e+01,8.061945863410997504e-01,-2.071905428499123879e-08,4.000000000000000000e+01,2.157999999999999829e+01,5.000000000000000000e+01,0.000000000000000000e+00
3.000000000000000000e+00,3.668485970164718424e+01,3.568525399429551470e+01,9.996056866328821844e-01,2.071878789719793096e-08,4.000000000000000000e+01,2.167000000000000171e+01,5.000000000000000000e+01,0.000000000000000000e+00
4.000000000000000000e+00,3.670296782622707354e+01,3.551089607575660523e+01,1.192071781548646126e+00,-3.107818221511027097e-08,4.000000000000000000e+01,2.173999999999999844e+01,5.000000000000000000e+01,0.000000000000000000e+00
5.000000000000000000e+00,3.675908720944860875e+01,3.537528436133746368e+01,1.383802872283062424e+00,-2.417192118300200521e-08,4.000000000000000000e+01,2.182999999999999829e+01,5.000000000000000000e+01,0.000000000000000000e+00
6.000000000000000000e+00,3.677551536936183396e+01,3.520092644279856131e+01,1.574588957641460230e+00,-3.107818381540535659e-08,4.000000000000000000e+01,2.187000000000000099e+01,5.000000000000000000e+01,0.000000000000000000e+00
7.000000000000000000e+00,3.688838906135703155e+01,3.512343403455903967e+01,1.764955040610516557e+00,-1.381252686510167090e-08,4.000000000000000000e+01,2.187000000000000099e+01,5.000000000000000000e+01,0.000000000000000000e+00
8.000000000000000000e+00,3.707875515813861256e+01,3.512343403455903967e+01,1.955321123579572884e+00,-4.923989005648153116e-16,4.000000000000000000e+01,2.187000000000000099e+01,5.000000000000000000e+01,0.000000000000000000e+00
9.000000000000000000e+00,3.726912124110766911e+01,3.512343403455903967e+01,2.145687206548628989e+00,-1.755339045819508191e-23,4.000000000000000000e+01,2.205999999999999872e+01,5.000000000000000000e+01,0.000000000000000000e+00
1.000000000000000000e+01,3.708940330798017726e+01,3.475534509542136163e+01,2.334058278168313016e+00,-6.560949734671474395e-08,4.000000000000000000e+01,2.219000000000000128e+01,5.000000000000000000e+01,0.000000000000000000e+00
1.100000000000000000e+01,3.702455906577486644e+01,3.450349476864294473e+01,2.521064342022636851e+00,-4.489071104980609841e-08,4.000000000000000000e+01,2.225000000000000000e+01,5.000000000000000000e+01,0.000000000000000000e+00
1.200000000000000000e+01,3.709469653785783549e+01,3.438725615628367649e+01,2.707440402292948356e+00,-2.071879023610084636e-08,4.000000000000000000e+01,2.237999999999999901e+01,5.000000000000000000e+01,0.000000000000000000e+00
1.300000000000000000e+01,3.702785723941244811e+01,3.413540582950525959e+01,2.892451454797900112e+00,-4.489070944950863714e-08,4.000000000000000000e+01,2.251000000000000156e+01,5.000000000000000000e+01,0.000000000000000000e+00
1.400000000000000000e+01,3.695965295737362055e+01,3.388355550272684269e+01,3.076097499537491675e+00,-4.489071031120783414e-08,4.000000000000000000e+01,2.257000000000000028e+01,5.000000000000000000e+01,0.000000000000000000e+00
1.500000000000000000e+01,3.702643041034185956e+01,3.376731689036757444e+01,3.259113540693070910e+00,-2.071879023610081989e-08,4.000000000000000000e+01,2.276999999999999957e+01,5.000000000000000000e+01,0.000000000000000000e+00
