t,MV,MVP,MVI,MVD,SP,PV,DV,Man
0.000000000000000000e+00,1.000000000000000000e+02,1.162386123592687568e+02,-1.623861235926875679e+01,0.000000000000000000e+00,6.000000000000000000e+01,1.976999999999999957e+01,5.000000000000000000e+01,0.000000000000000000e+00
1.000000000000000000e+00,6.212178780386036436e+01,7.793798958688971368e+01,-1.581619495618849491e+01,-6.826840855497714954e-06,6.000000000000000000e+01,1.971000000000000085e+01,5.000000000000000000e+01,0.000000000000000000e+00
2.000000000000000000e+00,6.266108067044329033e+01,7.805422819924896771e+01,-1.539314754952422071e+01,2.071854526766615249e-08,6.000000000000000000e+01,1.973999999999999844e+01,5.000000000000000000e+01,0.000000000000000000e+00
3.000000000000000000e+00,6.302569373805800268e+01,7.799610889306934780e+01,-1.497041514465195355e+01,-1.035939357931077695e-08,6.000000000000000000e+01,1.989999999999999858e+01,5.000000000000000000e+01,0.000000000000000000e+00
4.000000000000000000e+00,6.313677645552413509e+01,7.768613926011128967e+01,-1.454936274933705320e+01,-5.525010339811347726e-08,6.000000000000000000e+01,1.992999999999999972e+01,5.000000000000000000e+01,0.000000000000000000e+00
5.000000000000000000e+00,6.349939458775810408e+01,7.762801995393165555e+01,-1.412862535581415813e+01,-1.035939628749830250e-08,6.000000000000000000e+01,1.992999999999999972e+01,5.000000000000000000e+01,0.000000000000000000e+00
6.000000000000000000e+00,6.392013199164038895e+01,7.762801995393165555e+01,-1.370788796229126305e+01,-3.692992160158123902e-16,6.000000000000000000e+01,2.003000000000000114e+01,5.000000000000000000e+01,0.000000000000000000e+00
7.000000000000000000e+00,6.414608832405983208e+01,7.743428893333286567e+01,-1.328820057474172245e+01,-3.453131439300867701e-08,6.000000000000000000e+01,2.021999999999999886e+01,5.000000000000000000e+01,0.000000000000000000e+00
8.000000000000000000e+00,6.419569173004413187e+01,7.706619999419518763e+01,-1.287050819854155392e+01,-6.560949857771189519e-08,6.000000000000000000e+01,2.025000000000000000e+01,5.000000000000000000e+01,0.000000000000000000e+00
9.000000000000000000e+00,6.455494985352275705e+01,7.700808068801555351e+01,-1.245313082413339068e+01,-1.035939665679747930e-08,6.000000000000000000e+01,2.037999999999999901e+01,5.000000000000000000e+01,0.000000000000000000e+00
1.000000000000000000e+01,6.471911185885583961e+01,7.675623036123714371e+01,-1.203711845749058895e+01,-4.489070908020828739e-08,6.000000000000000000e+01,2.057999999999999829e+01,5.000000000000000000e+01,0.000000000000000000e+00
1.100000000000000000e+01,6.474556214818244371e+01,7.636876832003957816e+01,-1.162320610279449440e+01,-6.906263038631364402e-08,6.000000000000000000e+01,2.071000000000000085e+01,5.000000000000000000e+01,0.000000000000000000e+00
1.200000000000000000e+01,6.490625919250668119e+01,7.611691799326115415e+01,-1.121065875586375959e+01,-4.489071117290587309e-08,6.000000000000000000e+01,2.089999999999999858e+01,5.000000000000000000e+01,0.000000000000000000e+00
1.300000000000000000e+01,6.494872256823157386e+01,7.574882905412347611e+01,-1.080010642028239687e+01,-6.560949894701112659e-08,6.000000000000000000e+01,2.100000000000000000e+01,5.000000000000000000e+01,0.000000000000000000e+00
1.400000000000000000e+01,6.516449390831900246e+01,7.555509803352470044e+01,-1.039060409067438862e+01,-3.453131673190331068e-08,6.000000000000000000e+01,2.121999999999999886e+01,5.000000000000000000e+01,0.000000000000000000e+00
1.500000000000000000e+01,6.514547793803072295e+01,7.512888978820737407e+01,-9.983411774207759493e+00,-7.596889289561482850e-08,6.000000000000000000e+01,2.141000000000000014e+01,5.000000000000000000e+01,0.000000000000000000e+00
1.600000000000000000e+01,6.518258631436970063e+01,7.476080084906969603e+01,-9.578214469090502448e+00,-6.560950005490852961e-08,6.000000000000000000e+01,2.153999999999999915e+01,5.000000000000000000e+01,0.000000000000000000e+00
1.700000000000000000e+01,6.533456830566196061e+01,7.450895052229127202e+01,-9.174382171738605152e+00,-4.489071104980619767e-08,6.000000000000000000e+01,2.182999999999999829e+01,5.000000000000000000e+01,0.000000000000000000e+00
1.800000000000000000e+01,6.517353557070457271e+01,7.394713056255481831e+01,-8.773594891709434407e+00,-1.001408133400197970e-07,6.000000000000000000e+01,2.208999999999999986e+01,5.000000000000000000e+01,0.000000000000000000e+00
1.900000000000000000e+01,6.506789219200555863e+01,7.344342990899797030e+01,-8.375537627210983160e+00,-8.978142099171482027e-08,6.000000000000000000e+01,2.219000000000000128e+01,5.000000000000000000e+01,0.000000000000000000e+00
2.000000000000000000e+01,6.527116848518200243e+01,7.324969888839919463e+01,-7.978530368685885499e+00,-3.453131759359894088e-08,6.000000000000000000e+01,2.251000000000000156e+01,5.000000000000000000e+01,0.000000000000000000e+00
2.100000000000000000e+01,6.504487638270735772e+01,7.262975962248309258e+01,-7.584883129275520552e+00,-1.105002072886259871e-07,6.000000000000000000e+01,2.260999999999999943e+01,5.000000000000000000e+01,0.000000000000000000e+00
2.200000000000000000e+01,6.524374267151448237e+01,7.243602860188431691e+01,-7.192285895838509191e+00,-3.453131833219714560e-08,6.000000000000000000e+01,2.285999999999999943e+01,5.000000000000000000e+01,0.000000000000000000e+00
2.300000000000000000e+01,6.514938728672420609e+01,7.195170105038737063e+01,-6.802313677334883124e+00,-8.632828721351773535e-08,6.000000000000000000e+01,2.314999999999999858e+01,5.000000000000000000e+01,0.000000000000000000e+00
2.400000000000000000e+01,6.497449451435610968e+01,7.138988109065090271e+01,-6.415386476153982720e+00,-1.001408148172163388e-07,6.000000000000000000e+01,2.348000000000000043e+01,5.000000000000000000e+01,0.000000000000000000e+00
2.500000000000000000e+01,6.471864431403641049e+01,7.075056872267491315e+01,-6.031924294685150123e+00,-1.139533410668206897e-07,6.000000000000000000e+01,2.376999999999999957e+01,5.000000000000000000e+01,0.000000000000000000e+00
2.600000000000000000e+01,6.453724153225860505e+01,7.018874876293845944e+01,-5.651507130539044077e+00,-1.001408158020116907e-07,6.000000000000000000e+01,2.380000000000000071e+01,5.000000000000000000e+01,0.000000000000000000e+00
2.700000000000000000e+01,6.485922447821448600e+01,7.013062945675882531e+01,-5.271404968184944195e+00,-1.035939788779473311e-08,6.000000000000000000e+01,2.412000000000000099e+01,5.000000000000000000e+01,0.000000000000000000e+00
2.800000000000000000e+01,6.461602725539692926e+01,6.951069019084270906e+01,-4.894662824945576141e+00,-1.105002064269279878e-07,6.000000000000000000e+01,2.441000000000000014e+01,5.000000000000000000e+01,0.000000000000000000e+00
2.900000000000000000e+01,6.442790443193651129e+01,6.894887023110625535e+01,-4.520965699028934637e+00,-1.001408156789118631e-07,6.000000000000000000e+01,2.460000000000000142e+01,5.000000000000000000e+01,0.000000000000000000e+00
3.000000000000000000e+01,6.443151764189740049e+01,6.858078129196856310e+01,-4.149263584461665211e+00,-6.560950091660908319e-08,6.000000000000000000e+01,2.476999999999999957e+01,5.000000000000000000e+01,0.000000000000000000e+00
3.100000000000000000e+01,6.447209201819831037e+01,6.825143855695064588e+01,-3.779346480049097678e+00,-5.870323680700675151e-08,6.000000000000000000e+01,2.508999999999999986e+01,5.000000000000000000e+01,0.000000000000000000e+00
3.200000000000000000e+01,6.421870978578306222e+01,6.763149929103452962e+01,-3.412789394751262417e+00,-1.105002081503239598e-07,6.000000000000000000e+01,2.528000000000000114e+01,5.000000000000000000e+01,0.000000000000000000e+00
3.300000000000000000e+01,6.421518296548455851e+01,6.726341035189685158e+01,-3.048227320802799678e+00,-6.560950128590570731e-08,6.000000000000000000e+01,2.541000000000000014e+01,5.000000000000000000e+01,0.000000000000000000e+00
3.400000000000000000e+01,6.432652972560804017e+01,6.701156002511844179e+01,-2.685030254619696688e+00,-4.489071104980378893e-08,6.000000000000000000e+01,2.573000000000000043e+01,5.000000000000000000e+01,0.000000000000000000e+00
3.500000000000000000e+01,6.406642744115079324e+01,6.639162075920232553e+01,-2.325193207551325969e+00,-1.105002076579250993e-07,6.000000000000000000e+01,2.605000000000000071e+01,5.000000000000000000e+01,0.000000000000000000e+00
3.600000000000000000e+01,6.380296520318835718e+01,6.577168149328625191e+01,-1.968716179597687743e+00,-1.105002099968147567e-07,6.000000000000000000e+01,2.617999999999999972e+01,5.000000000000000000e+01,0.000000000000000000e+00
3.700000000000000000e+01,6.390622696220770393e+01,6.551983116650782790e+01,-1.613604159409409711e+00,-4.489071265010254060e-08,6.000000000000000000e+01,2.637999999999999901e+01,5.000000000000000000e+01,0.000000000000000000e+00
3.800000000000000000e+01,6.387177690507980543e+01,6.513236912531027656e+01,-1.260592151167839292e+00,-6.906263038631131468e-08,6.000000000000000000e+01,2.669999999999999929e+01,5.000000000000000000e+01,0.000000000000000000e+00
3.900000000000000000e+01,6.360148958685294929e+01,6.451242985939416030e+01,-9.109401620410013667e-01,-1.105002085196230854e-07,6.000000000000000000e+01,2.701999999999999957e+01,5.000000000000000000e+01,0.000000000000000000e+00
4.000000000000000000e+01,6.332784229094896489e+01,6.389249059347807247e+01,-5.646481920288957124e-01,-1.105002099968147832e-07,6.000000000000000000e+01,2.712000000000000099e+01,5.000000000000000000e+01,0.000000000000000000e+00
4.100000000000000000e+01,6.347935331035780848e+01,6.369875957287926838e+01,-2.194062279901440315e-01,-3.453131833220214839e-08,6.000000000000000000e+01,2.733999999999999986e+01,5.000000000000000000e+01,0.000000000000000000e+00
4.200000000000000000e+01,6.339607697450029633e+01,6.327255132756195621e+01,1.235257229072291851e-01,-7.596889289561489468e-08,6.000000000000000000e+01,2.767000000000000171e+01,5.000000000000000000e+01,0.000000000000000000e+00
4.300000000000000000e+01,6.309623149972517098e+01,6.263323895958598087e+01,4.629926540925346501e-01,-1.139533402051201758e-07,6.000000000000000000e+01,2.776000000000000156e+01,5.000000000000000000e+01,0.000000000000000000e+00
4.400000000000000000e+01,6.326039558987070421e+01,6.245888104104707139e+01,8.015145799018215111e-01,-3.107818701599923358e-08,6.000000000000000000e+01,2.798999999999999844e+01,5.000000000000000000e+01,0.000000000000000000e+00
4.500000000000000000e+01,6.315092110622026667e+01,6.201329969366989303e+01,1.137621491972394594e+00,-7.942202421181285963e-08,6.000000000000000000e+01,2.830999999999999872e+01,5.000000000000000000e+01,0.000000000000000000e+00
4.600000000000000000e+01,6.286372870218180964e+01,6.139336042775378388e+01,1.470368384928235406e+00,-1.105002088889209800e-07,6.000000000000000000e+01,2.844000000000000128e+01,5.000000000000000000e+01,0.000000000000000000e+00
4.700000000000000000e+01,6.294326032620337230e+01,6.114151010097536698e+01,1.801750270118716024e+00,-4.489071265010250090e-08,6.000000000000000000e+01,2.862999999999999901e+01,5.000000000000000000e+01,0.000000000000000000e+00
4.800000000000000000e+01,6.290455824018801678e+01,6.077342116183768894e+01,2.131137143959824343e+00,-6.560949894701117952e-08,6.000000000000000000e+01,2.896000000000000085e+01,5.000000000000000000e+01,0.000000000000000000e+00
4.900000000000000000e+01,6.259116767799722680e+01,6.013410879386170649e+01,2.457058998088864854e+00,-1.139533398358222679e-07,6.000000000000000000e+01,2.905000000000000071e+01,5.000000000000000000e+01,0.000000000000000000e+00
5.000000000000000000e+01,6.274178669108650297e+01,5.995975087532280412e+01,2.782035846841886872e+00,-3.107818701599799612e-08,6.000000000000000000e+01,2.928000000000000114e+01,5.000000000000000000e+01,0.000000000000000000e+00
5.100000000000000000e+01,6.261876713037977993e+01,5.951416952794560444e+01,3.104597681856195113e+00,-7.942202421181653893e-08,6.000000000000000000e+01,2.960000000000000142e+01,5.000000000000000000e+01,0.000000000000000000e+00
5.200000000000000000e+01,6.231802964928506583e+01,5.889423026202950240e+01,3.423799497755771082e+00,-1.105002088889197492e-07,6.000000000000000000e+01,2.982999999999999829e+01,5.000000000000000000e+01,0.000000000000000000e+00
5.300000000000000000e+01,6.218923513514691592e+01,5.844864891465230983e+01,3.740586299916633273e+00,-7.942202704310870960e-08,6.000000000000000000e+01,2.994999999999999929e+01,5.000000000000000000e+01,0.000000000000000000e+00
5.400000000000000000e+01,6.227228474340566322e+01,5.821617168993377334e+01,4.056113094909470362e+00,-4.143758010290374511e-08,6.000000000000000000e+01,3.023999999999999844e+01,5.000000000000000000e+01,0.000000000000000000e+00
5.500000000000000000e+01,6.202294650263606712e+01,5.765435173019730541e+01,4.368594872579581789e+00,-1.001408132169201017e-07,6.000000000000000000e+01,3.041000000000000014e+01,5.000000000000000000e+01,0.000000000000000000e+00
5.600000000000000000e+01,6.200430057657112570e+01,5.732500899517937398e+01,4.679291640094991322e+00,-5.870323803800628503e-08,6.000000000000000000e+01,3.060000000000000142e+01,5.000000000000000000e+01,0.000000000000000000e+00
5.700000000000000000e+01,6.194491338669321578e+01,5.695692005604168884e+01,4.987993396261028778e+00,-6.560949943941125763e-08,6.000000000000000000e+01,3.089000000000000057e+01,5.000000000000000000e+01,0.000000000000000000e+00
5.800000000000000000e+01,6.168875013126875473e+01,5.639510009630522802e+01,5.293650135104339682e+00,-1.001408140786180745e-07,6.000000000000000000e+01,3.092000000000000171e+01,5.000000000000000000e+01,0.000000000000000000e+00
5.900000000000000000e+01,6.193597265192182988e+01,5.633698079012558679e+01,5.598991872155644423e+00,-1.035939788779467190e-08,6.000000000000000000e+01,3.121000000000000085e+01,5.000000000000000000e+01,0.000000000000000000e+00
6.000000000000000000e+01,6.167644932213254094e+01,5.577516083038912598e+01,5.901288591884222612e+00,-1.001408121090226855e-07,6.000000000000000000e+01,3.146999999999999886e+01,5.000000000000000000e+01,0.000000000000000000e+00
6.100000000000000000e+01,6.147231538313295829e+01,5.527146017683229928e+01,6.200855296082081303e+00,-8.978142099171233211e-08,6.000000000000000000e+01,3.162999999999999901e+01,5.000000000000000000e+01,0.000000000000000000e+00
6.200000000000000000e+01,6.146023247934671474e+01,5.496149054387424826e+01,6.498741990722573192e+00,-5.525010622940585307e-08,6.000000000000000000e+01,3.185999999999999943e+01,5.000000000000000000e+01,0.000000000000000000e+00
6.300000000000000000e+01,6.131012278869937404e+01,5.451590919649704858e+01,6.794213671624351747e+00,-7.942202507351451171e-08,6.000000000000000000e+01,3.207999999999999829e+01,5.000000000000000000e+01,0.000000000000000000e+00
6.400000000000000000e+01,6.117707621459559419e+01,5.408970095117973642e+01,7.087375339384752060e+00,-7.596889449591111849e-08,6.000000000000000000e+01,3.224000000000000199e+01,5.000000000000000000e+01,0.000000000000000000e+00
6.500000000000000000e+01,6.115858826055936248e+01,5.377973131822167829e+01,7.378856997587785571e+00,-5.525010573700819695e-08,6.000000000000000000e+01,3.250000000000000000e+01,5.000000000000000000e+01,0.000000000000000000e+00
6.600000000000000000e+01,6.094363921514353422e+01,5.327603066466485160e+01,7.667608640260099584e+00,-8.978141939141610830e-08,6.000000000000000000e+01,3.253000000000000114e+01,5.000000000000000000e+01,0.000000000000000000e+00
6.700000000000000000e+01,6.117395662926621469e+01,5.321791135848521037e+01,7.956045281140407432e+00,-1.035939751849551329e-08,6.000000000000000000e+01,3.282000000000000028e+01,5.000000000000000000e+01,0.000000000000000000e+00
6.800000000000000000e+01,6.089752820330592442e+01,5.265609139874874955e+01,8.241436904697987842e+00,-1.001408121090226722e-07,6.000000000000000000e+01,3.289000000000000057e+01,5.000000000000000000e+01,0.000000000000000000e+00
6.900000000000000000e+01,6.104657318423189594e+01,5.252047968432960090e+01,8.526093524074221719e+00,-2.417192364499757492e-08,6.000000000000000000e+01,3.314000000000000057e+01,5.000000000000000000e+01,0.000000000000000000e+00
7.000000000000000000e+01,6.084427717502143196e+01,5.203615213283264751e+01,8.808125128517071190e+00,-8.632828684421857012e-08,6.000000000000000000e+01,3.336999999999999744e+01,5.000000000000000000e+01,0.000000000000000000e+00
7.100000000000000000e+01,6.067831242525463864e+01,5.159057078545545494e+01,9.087741719221206438e+00,-7.942202618141063095e-08,6.000000000000000000e+01,3.346999999999999886e+01,5.000000000000000000e+01,0.000000000000000000e+00
7.200000000000000000e+01,6.076314803427734290e+01,5.139683976485667216e+01,9.366308303951987213e+00,-3.453131722430222412e-08,6.000000000000000000e+01,3.378999999999999915e+01,5.000000000000000000e+01,0.000000000000000000e+00
7.300000000000000000e+01,6.041841525800839463e+01,5.077690049894057012e+01,9.641514869568036161e+00,-1.105002072886235121e-07,6.000000000000000000e+01,3.382000000000000028e+01,5.000000000000000000e+01,0.000000000000000000e+00
7.400000000000000000e+01,6.063518761579361183e+01,5.071878119276093599e+01,9.916406433392078057e+00,-1.035939825709377756e-08,6.000000000000000000e+01,3.410999999999999943e+01,5.000000000000000000e+01,0.000000000000000000e+00
7.500000000000000000e+01,6.034521411277705738e+01,5.015696123302446807e+01,1.018825297989339518e+01,-1.001408121090226987e-07,6.000000000000000000e+01,3.410999999999999943e+01,5.000000000000000000e+01,0.000000000000000000e+00
7.600000000000000000e+01,6.061706075941917504e+01,5.015696123302446807e+01,1.046009952639471230e+01,-3.569891755920039592e-15,6.000000000000000000e+01,3.442999999999999972e+01,5.000000000000000000e+01,0.000000000000000000e+00
7.700000000000000000e+01,6.026560791038946974e+01,4.953702196710837313e+01,1.072858605378129582e+01,-1.105002060576263874e-07,6.000000000000000000e+01,3.453000000000000114e+01,5.000000000000000000e+01,0.000000000000000000e+00
7.800000000000000000e+01,6.033931348717279519e+01,4.934329094650958325e+01,1.099602257519452664e+01,-3.453131833219955435e-08,6.000000000000000000e+01,3.475999999999999801e+01,5.000000000000000000e+01,0.000000000000000000e+00
7.900000000000000000e+01,6.015875360257941651e+01,4.889770959913239778e+01,1.126104408286904324e+01,-7.942202433491501659e-08,6.000000000000000000e+01,3.504999999999999716e+01,5.000000000000000000e+01,0.000000000000000000e+00
8.000000000000000000e+01,5.985891011247594662e+01,4.833588963939592986e+01,1.152302057322083328e+01,-1.001408145710169085e-07,6.000000000000000000e+01,3.507999999999999829e+01,5.000000000000000000e+01,0.000000000000000000e+00
8.100000000000000000e+01,6.006245238463750979e+01,4.827777033321629574e+01,1.178468206178061806e+01,-1.035939788779469009e-08,6.000000000000000000e+01,3.534000000000000341e+01,5.000000000000000000e+01,0.000000000000000000e+00
8.200000000000000000e+01,5.981768312468771853e+01,4.777406967965945483e+01,1.204361353480968155e+01,-8.978141779112229324e-08,6.000000000000000000e+01,3.542999999999999972e+01,5.000000000000000000e+01,0.000000000000000000e+00
8.300000000000000000e+01,5.990131173250509988e+01,4.759971176112055957e+01,1.230160000246272745e+01,-3.107818615429869324e-08,6.000000000000000000e+01,3.571999999999999886e+01,5.000000000000000000e+01,0.000000000000000000e+00
8.400000000000000000e+01,5.959443315403633079e+01,4.703789180138409165e+01,1.255654145279304679e+01,-1.001408128476209630e-07,6.000000000000000000e+01,3.578999999999999915e+01,5.000000000000000000e+01,0.000000000000000000e+00
8.500000000000000000e+01,5.971302796173503680e+01,4.690228008696494300e+01,1.281074789894201871e+01,-2.417192364499760139e-08,6.000000000000000000e+01,3.603999999999999915e+01,5.000000000000000000e+01,0.000000000000000000e+00
8.600000000000000000e+01,5.948028177929731442e+01,4.641795253546799671e+01,1.306232933015760622e+01,-8.632828684421857012e-08,6.000000000000000000e+01,3.603999999999999915e+01,5.000000000000000000e+01,0.000000000000000000e+00
8.700000000000000000e+01,5.973186329684119045e+01,4.641795253546799671e+01,1.331391076137319374e+01,-3.077492912403783136e-15,6.000000000000000000e+01,3.636999999999999744e+01,5.000000000000000000e+01,0.000000000000000000e+00
8.800000000000000000e+01,5.934066722641539116e+01,4.577864016749202136e+01,1.356202717287671256e+01,-1.139533374969264960e-07,6.000000000000000000e+01,3.636999999999999744e+01,5.000000000000000000e+01,0.000000000000000000e+00
8.900000000000000000e+01,5.958878375187224918e+01,4.577864016749202136e+01,1.381014358438023137e+01,-4.062290603824642095e-15,6.000000000000000000e+01,3.668999999999999773e+01,5.000000000000000000e+01,0.000000000000000000e+00
9.000000000000000000e+01,5.921360076784473137e+01,4.515870090157591932e+01,1.405489997676901837e+01,-1.105002060576264006e-07,6.000000000000000000e+01,3.678999999999999915e+01,5.000000000000000000e+01,0.000000000000000000e+00
9.100000000000000000e+01,5.926357620963026562e+01,4.496496988097713654e+01,1.429860636318445088e+01,-3.453131833219955435e-08,6.000000000000000000e+01,3.700999999999999801e+01,5.000000000000000000e+01,0.000000000000000000e+00
9.200000000000000000e+01,5.907876429614942992e+01,4.453876163565981727e+01,1.454000273645850427e+01,-7.596889289561489468e-08,6.000000000000000000e+01,3.707999999999999829e+01,5.000000000000000000e+01,0.000000000000000000e+00
9.300000000000000000e+01,5.918381400261995395e+01,4.440314992124066862e+01,1.478066410555121024e+01,-2.417192278329959884e-08,6.000000000000000000e+01,3.732999999999999829e+01,5.000000000000000000e+01,0.000000000000000000e+00
9.400000000000000000e+01,5.893752274312596029e+01,4.391882236974371523e+01,1.501870045971053180e+01,-8.632828684421854366e-08,6.000000000000000000e+01,3.736999999999999744e+01,5.000000000000000000e+01,0.000000000000000000e+00
9.500000000000000000e+01,5.909764675917218568e+01,4.384132996150420780e+01,1.525631681148051300e+01,-1.381252883469588865e-08,6.000000000000000000e+01,3.765999999999999659e+01,5.000000000000000000e+01,0.000000000000000000e+00
9.600000000000000000e+01,5.877039804755469987e+01,4.327951000176773988e+01,1.549088814592776764e+01,-1.001408122321223807e-07,6.000000000000000000e+01,3.765999999999999659e+01,5.000000000000000000e+01,0.000000000000000000e+00
9.700000000000000000e+01,5.900496948214275506e+01,4.327951000176773988e+01,1.572545948037502228e+01,-3.569891760308385244e-15,6.000000000000000000e+01,3.790999999999999659e+01,5.000000000000000000e+01,0.000000000000000000e+00
9.800000000000000000e+01,5.875258816383139049e+01,4.279518245027078649e+01,1.595740579988889252e+01,-8.632828598252057088e-08,6.000000000000000000e+01,3.797999999999999687e+01,5.000000000000000000e+01,0.000000000000000000e+00
9.900000000000000000e+01,5.884818782690112471e+01,4.265957073585163783e+01,1.618861711522141533e+01,-2.417192315259870120e-08,6.000000000000000000e+01,3.824000000000000199e+01,5.000000000000000000e+01,0.000000000000000000e+00
1.000000000000000000e+02,5.857296840753659950e+01,4.215587008229479693e+01,1.641709841502321865e+01,-8.978141828352114049e-08,6.000000000000000000e+01,3.829999999999999716e+01,5.000000000000000000e+01,0.000000000000000000e+00
1.010000000000000000e+02,5.868458116045776052e+01,4.203963146993554290e+01,1.664494971124100786e+01,-2.071879183639586249e-08,6.000000000000000000e+01,3.856000000000000227e+01,5.000000000000000000e+01,0.000000000000000000e+00
1.020000000000000000e+02,5.840600171852536704e+01,4.153593081637870199e+01,1.687007099192807758e+01,-8.978141816042143199e-08,6.000000000000000000e+01,3.861999999999999744e+01,5.000000000000000000e+01,0.000000000000000000e+00
1.030000000000000000e+02,5.851425445233177669e+01,4.141969220401944085e+01,1.709456226903113318e+01,-2.071879183639585918e-08,6.000000000000000000e+01,3.865999999999999659e+01,5.000000000000000000e+01,0.000000000000000000e+00
1.040000000000000000e+02,5.866083332571224673e+01,4.134219979577992632e+01,1.731863354374484842e+01,-1.381252649580138071e-08,6.000000000000000000e+01,3.895000000000000284e+01,5.000000000000000000e+01,0.000000000000000000e+00
1.050000000000000000e+02,5.832003953703848254e+01,4.078037983604345129e+01,1.753965980113583711e+01,-1.001408122321247498e-07,6.000000000000000000e+01,3.897999999999999687e+01,5.000000000000000000e+01,0.000000000000000000e+00
1.060000000000000000e+02,5.848263157623924968e+01,4.072226052986383138e+01,1.776037105673481875e+01,-1.035939788779215230e-08,6.000000000000000000e+01,3.924000000000000199e+01,5.000000000000000000e+01,0.000000000000000000e+00
1.070000000000000000e+02,5.819691208332865529e+01,4.021855987630699047e+01,1.797835229680308089e+01,-8.978141779112229324e-08,6.000000000000000000e+01,3.929999999999999716e+01,5.000000000000000000e+01,0.000000000000000000e+00
1.080000000000000000e+02,5.829802477651626447e+01,4.010232126394772934e+01,1.819570353328733248e+01,-2.071879183639584595e-08,6.000000000000000000e+01,3.949000000000000199e+01,5.000000000000000000e+01,0.000000000000000000e+00
1.090000000000000000e+02,5.814529201762275079e+01,3.973423232481003708e+01,1.841105975842221198e+01,-6.560949808531561550e-08,6.000000000000000000e+01,3.959000000000000341e+01,5.000000000000000000e+01,0.000000000000000000e+00
1.100000000000000000e+02,5.816586724726366953e+01,3.954050130421124720e+01,1.862536597758373702e+01,-3.453131673190327760e-08,6.000000000000000000e+01,3.971999999999999886e+01,5.000000000000000000e+01,0.000000000000000000e+00
1.110000000000000000e+02,5.812695812152203700e+01,3.928865097743284451e+01,1.883830718897990053e+01,-4.489070994190629326e-08,6.000000000000000000e+01,3.990999999999999659e+01,5.000000000000000000e+01,0.000000000000000000e+00
1.120000000000000000e+02,5.796981536171236371e+01,3.892056203829516647e+01,1.904925338902669196e+01,-6.560949894701108688e-08,6.000000000000000000e+01,3.990999999999999659e+01,5.000000000000000000e+01,0.000000000000000000e+00
1.130000000000000000e+02,5.818076162736865342e+01,3.892056203829516647e+01,1.926019958907348339e+01,-2.338894647129352106e-15,6.000000000000000000e+01,4.020000000000000284e+01,5.000000000000000000e+01,0.000000000000000000e+00
1.140000000000000000e+02,5.782684275021541964e+01,3.835874207855868434e+01,1.946810077179754828e+01,-1.001408117397259422e-07,6.000000000000000000e+01,4.022999999999999687e+01,5.000000000000000000e+01,0.000000000000000000e+00
1.150000000000000000e+02,5.797630971474927719e+01,3.830062277237906443e+01,1.967568695272960966e+01,-1.035939788779213576e-08,6.000000000000000000e+01,4.035999999999999943e+01,5.000000000000000000e+01,0.000000000000000000e+00
1.160000000000000000e+02,5.793068052660623835e+01,3.804877244560064042e+01,1.988190812589630951e+01,-4.489070908021078217e-08,6.000000000000000000e+01,4.052000000000000313e+01,5.000000000000000000e+01,0.000000000000000000e+00
1.170000000000000000e+02,5.782525204689812170e+01,3.773880281264258230e+01,2.008644928950564434e+01,-5.525010462911066820e-08,6.000000000000000000e+01,4.056000000000000227e+01,5.000000000000000000e+01,0.000000000000000000e+00
1.180000000000000000e+02,5.795188084131618211e+01,3.766131040440307487e+01,2.029057045072563525e+01,-1.381252772679847735e-08,6.000000000000000000e+01,4.085000000000000142e+01,5.000000000000000000e+01,0.000000000000000000e+00
1.190000000000000000e+02,5.759113693914869714e+01,3.709949044466660695e+01,2.049164659462289961e+01,-1.001408122321223410e-07,6.000000000000000000e+01,4.088000000000000256e+01,5.000000000000000000e+01,0.000000000000000000e+00
1.200000000000000000e+02,5.773377886485573640e+01,3.704137113848697282e+01,2.069240773672816047e+01,-1.035939788779460572e-08,6.000000000000000000e+01,4.100999999999999801e+01,5.000000000000000000e+01,0.000000000000000000e+00
1.210000000000000000e+02,5.768132463788590769e+01,3.678952081170856303e+01,2.089180387106805981e+01,-4.489070908020832710e-08,6.000000000000000000e+01,4.117000000000000171e+01,5.000000000000000000e+01,0.000000000000000000e+00
1.220000000000000000e+02,5.756907111935100119e+01,3.647955117875051201e+01,2.108951999585059411e+01,-5.525010462911066820e-08,6.000000000000000000e+01,4.122999999999999687e+01,5.000000000000000000e+01,0.000000000000000000e+00
1.230000000000000000e+02,5.764991866272156784e+01,3.636331256639125087e+01,2.128660611704911432e+01,-2.071879060539873773e-08,6.000000000000000000e+01,4.142999999999999972e+01,5.000000000000000000e+01,0.000000000000000000e+00
1.240000000000000000e+02,5.745744268243198150e+01,3.597585052519368531e+01,2.148159222630092913e+01,-6.906262952461568447e-08,6.000000000000000000e+01,4.152000000000000313e+01,5.000000000000000000e+01,0.000000000000000000e+00
1.250000000000000000e+02,5.747712590575330438e+01,3.580149260665476874e+01,2.167563333017672278e+01,-3.107818541570286419e-08,6.000000000000000000e+01,4.152000000000000313e+01,5.000000000000000000e+01,0.000000000000000000e+00
1.260000000000000000e+02,5.767116704070728872e+01,3.580149260665476874e+01,2.186967443405251643e+01,-1.107897525173713254e-15,6.000000000000000000e+01,4.181000000000000227e+01,5.000000000000000000e+01,0.000000000000000000e+00
1.270000000000000000e+02,5.730034306738308203e+01,3.523967264691830792e+01,2.206067052060558353e+01,-1.001408117397234541e-07,6.000000000000000000e+01,4.185000000000000142e+01,5.000000000000000000e+01,0.000000000000000000e+00
1.280000000000000000e+02,5.741342682963557564e+01,3.516218023867880049e+01,2.225124660476931027e+01,-1.381252932709471937e-08,6.000000000000000000e+01,4.190999999999999659e+01,5.000000000000000000e+01,0.000000000000000000e+00
1.290000000000000000e+02,5.748713429094978267e+01,3.504594162631953935e+01,2.244119268534902645e+01,-2.071878912820222573e-08,6.000000000000000000e+01,4.217000000000000171e+01,5.000000000000000000e+01,0.000000000000000000e+00
1.300000000000000000e+02,5.717064963337930550e+01,3.454224097276269845e+01,2.262840875039801958e+01,-8.978141816042132611e-08,6.000000000000000000e+01,4.217000000000000171e+01,5.000000000000000000e+01,0.000000000000000000e+00
1.310000000000000000e+02,5.735786578820970760e+01,3.454224097276269845e+01,2.281562481544701271e+01,-3.200592623282908683e-15,6.000000000000000000e+01,4.232999999999999829e+01,5.000000000000000000e+01,0.000000000000000000e+00
1.320000000000000000e+02,5.723343215549319041e+01,3.423227133980465453e+01,2.300116087093864081e+01,-5.525010302881201578e-08,6.000000000000000000e+01,4.249000000000000199e+01,5.000000000000000000e+01,0.000000000000000000e+00
1.330000000000000000e+02,5.710731856846939536e+01,3.392230170684659640e+01,2.318501691687290389e+01,-5.525010499840980033e-08,6.000000000000000000e+01,4.249000000000000199e+01,5.000000000000000000e+01,0.000000000000000000e+00
1.340000000000000000e+02,5.729117466965376337e+01,3.392230170684659640e+01,2.336887296280716697e+01,-1.969595514492224352e-15,6.000000000000000000e+01,4.261999999999999744e+01,5.000000000000000000e+01,0.000000000000000000e+00
1.350000000000000000e+02,5.722181533615353999e+01,3.367045138006818661e+01,2.355136400097606852e+01,-4.489070871090912879e-08,6.000000000000000000e+01,4.281000000000000227e+01,5.000000000000000000e+01,0.000000000000000000e+00
1.360000000000000000e+02,5.703422240311659408e+01,3.330236244093049436e+01,2.373186002779559800e+01,-6.560949894701350887e-08,6.000000000000000000e+01,4.281000000000000227e+01,5.000000000000000000e+01,0.000000000000000000e+00
1.370000000000000000e+02,5.721471849554562539e+01,3.330236244093049436e+01,2.391235605461512748e+01,-2.338894647129438486e-15,6.000000000000000000e+01,4.296999999999999886e+01,5.000000000000000000e+01,0.000000000000000000e+00
1.380000000000000000e+02,5.708356482459964099e+01,3.299239280797245044e+01,2.409117207187729193e+01,-5.525010302881198931e-08,6.000000000000000000e+01,4.313000000000000256e+01,5.000000000000000000e+01,0.000000000000000000e+00
1.390000000000000000e+02,5.695073119934637162e+01,3.268242317501439231e+01,2.426830807958208780e+01,-5.525010499840980033e-08,6.000000000000000000e+01,4.317000000000000171e+01,5.000000000000000000e+01,0.000000000000000000e+00
1.400000000000000000e+02,5.704995483785990018e+01,3.260493076677488489e+01,2.444502408489754330e+01,-1.381252772679849059e-08,6.000000000000000000e+01,4.332999999999999829e+01,5.000000000000000000e+01,0.000000000000000000e+00
1.410000000000000000e+02,5.691502115922236982e+01,3.229496113381684097e+01,2.462006008065563378e+01,-5.525010352121083657e-08,6.000000000000000000e+01,4.346000000000000085e+01,5.000000000000000000e+01,0.000000000000000000e+00
1.420000000000000000e+02,5.683684183079606811e+01,3.204311080703841697e+01,2.479373106864836274e+01,-4.489071068050697290e-08,6.000000000000000000e+01,4.346000000000000085e+01,5.000000000000000000e+01,0.000000000000000000e+00
1.430000000000000000e+02,5.701051286367950865e+01,3.204311080703841697e+01,2.496740205664109169e+01,-1.600296368689969119e-15,6.000000000000000000e+01,4.361999999999999744e+01,5.000000000000000000e+01,0.000000000000000000e+00
1.440000000000000000e+02,5.687253415390672728e+01,3.173314117408037660e+01,2.513939303507645562e+01,-5.525010302881196284e-08,6.000000000000000000e+01,4.378000000000000114e+01,5.000000000000000000e+01,0.000000000000000000e+00
1.450000000000000000e+02,5.673287548982666806e+01,3.142317154112231847e+01,2.530970400395445452e+01,-5.525010499840980033e-08,6.000000000000000000e+01,4.378000000000000114e+01,5.000000000000000000e+01,0.000000000000000000e+00
1.460000000000000000e+02,5.690318651395477190e+01,3.142317154112231847e+01,2.548001497283245342e+01,-1.969595514492224352e-15,6.000000000000000000e+01,4.393999999999999773e+01,5.000000000000000000e+01,0.000000000000000000e+00
1.470000000000000000e+02,5.676184778506725337e+01,3.111320190816427456e+01,2.564864593215308375e+01,-5.525010302881197607e-08,6.000000000000000000e+01,4.410000000000000142e+01,5.000000000000000000e+01,0.000000000000000000e+00
1.480000000000000000e+02,5.661882910187246409e+01,3.080323227520621998e+01,2.581559688191634905e+01,-5.525010499840980033e-08,6.000000000000000000e+01,4.410000000000000142e+01,5.000000000000000000e+01,0.000000000000000000e+00
1.490000000000000000e+02,5.678578010688583788e+01,3.080323227520621998e+01,2.598254783167961435e+01,-1.969595514492224352e-15,6.000000000000000000e+01,4.422999999999999687e+01,5.000000000000000000e+01,0.000000000000000000e+00
1.500000000000000000e+02,5.669951567721462027e+01,3.055138194842781019e+01,2.614813377367751812e+01,-4.489070871090912879e-08,6.000000000000000000e+01,4.442000000000000171e+01,5.000000000000000000e+01,0.000000000000000000e+00
1.510000000000000000e+02,5.649501764800666592e+01,3.018329300929011794e+01,2.631172470432604982e+01,-6.560949894701350887e-08,6.000000000000000000e+01,4.442000000000000171e+01,5.000000000000000000e+01,0.000000000000000000e+00
1.520000000000000000e+02,5.665860864426470300e+01,3.018329300929011794e+01,2.647531563497458151e+01,-2.338894647129438486e-15,6.000000000000000000e+01,4.449000000000000199e+01,5.000000000000000000e+01,0.000000000000000000e+00
1.530000000000000000e+02,5.668585283214081727e+01,3.004768129487096928e+01,2.663817156144176579e+01,-2.417192007510590252e-08,6.000000000000000000e+01,4.471000000000000085e+01,5.000000000000000000e+01,0.000000000000000000e+00
1.540000000000000000e+02,5.642019044835233643e+01,2.962147304955365357e+01,2.679871747476757093e+01,-7.596889252631561034e-08,6.000000000000000000e+01,4.478000000000000114e+01,5.000000000000000000e+01,0.000000000000000000e+00
1.550000000000000000e+02,5.644438969487460867e+01,2.948586133513450491e+01,2.695852838391202866e+01,-2.417192278329958560e-08,6.000000000000000000e+01,4.475000000000000000e+01,5.000000000000000000e+01,0.000000000000000000e+00
1.560000000000000000e+02,5.666263494652202581e+01,2.954398064131414259e+01,2.711865429484849344e+01,1.035939345620474216e-08,6.000000000000000000e+01,4.507000000000000028e+01,5.000000000000000000e+01,0.000000000000000000e+00
1.570000000000000000e+02,5.619946145156806239e+01,2.892404137539804410e+01,2.727542018667022461e+01,-1.105002056883271427e-07,6.000000000000000000e+01,4.507000000000000028e+01,5.000000000000000000e+01,0.000000000000000000e+00
1.580000000000000000e+02,5.635622745388999277e+01,2.892404137539804410e+01,2.743218607849195578e+01,-3.939190875392208093e-15,6.000000000000000000e+01,4.513000000000000256e+01,5.000000000000000000e+01,0.000000000000000000e+00
1.590000000000000000e+02,5.639612470904965846e+01,2.880780276303876875e+01,2.758832196672967640e+01,-2.071878863580583023e-08,6.000000000000000000e+01,4.522999999999999687e+01,5.000000000000000000e+01,0.000000000000000000e+00
1.600000000000000000e+02,5.635747955690272448e+01,2.861407174244000018e+01,2.774340784899404255e+01,-3.453131513160450607e-08,6.000000000000000000e+01,4.539000000000000057e+01,5.000000000000000000e+01,0.000000000000000000e+00
1.610000000000000000e+02,5.620091577593287724e+01,2.830410210948194205e+01,2.789681372170104368e+01,-5.525010425981153606e-08,6.000000000000000000e+01,4.539000000000000057e+01,5.000000000000000000e+01,0.000000000000000000e+00
1.620000000000000000e+02,5.635432170388998685e+01,2.830410210948194205e+01,2.805021959440804480e+01,-1.969595488162141761e-15,6.000000000000000000e+01,4.549000000000000199e+01,5.000000000000000000e+01,0.000000000000000000e+00
1.630000000000000000e+02,5.631294651549353603e+01,2.811037108888315927e+01,2.820257546114169145e+01,-3.453131439300873657e-08,6.000000000000000000e+01,4.567999999999999972e+01,5.000000000000000000e+01,0.000000000000000000e+00
1.640000000000000000e+02,5.609521840066194898e+01,2.774228214974547768e+01,2.835293631652596602e+01,-6.560949857771189519e-08,6.000000000000000000e+01,4.571000000000000085e+01,5.000000000000000000e+01,0.000000000000000000e+00
1.650000000000000000e+02,5.618714500332468020e+01,2.768416284356584001e+01,2.850298217011823354e+01,-1.035939665679747930e-08,6.000000000000000000e+01,4.571000000000000085e+01,5.000000000000000000e+01,0.000000000000000000e+00
1.660000000000000000e+02,5.633719086727634107e+01,2.768416284356584001e+01,2.865302802371050106e+01,-3.692992291808552632e-16,6.000000000000000000e+01,4.584000000000000341e+01,5.000000000000000000e+01,0.000000000000000000e+00
1.670000000000000000e+02,5.623402134143411502e+01,2.743231251678741955e+01,2.880170886953740705e+01,-4.489070871091152430e-08,6.000000000000000000e+01,4.600000000000000000e+01,5.000000000000000000e+01,0.000000000000000000e+00
1.680000000000000000e+02,5.607105253438621872e+01,2.712234288382937564e+01,2.894870970580694802e+01,-5.525010462910819989e-08,6.000000000000000000e+01,4.603999999999999915e+01,5.000000000000000000e+01,0.000000000000000000e+00
1.690000000000000000e+02,5.614014100146449238e+01,2.704485047558986821e+01,2.909529053968714862e+01,-1.381252772679847735e-08,6.000000000000000000e+01,4.603999999999999915e+01,5.000000000000000000e+01,0.000000000000000000e+00
1.700000000000000000e+02,5.628672184915721743e+01,2.704485047558986821e+01,2.924187137356734922e+01,-4.923989312832034210e-16,6.000000000000000000e+01,4.632999999999999829e+01,5.000000000000000000e+01,0.000000000000000000e+00
1.710000000000000000e+02,5.586843760583741414e+01,2.648303051585340384e+01,2.938540719012482327e+01,-1.001408117397234276e-07,6.000000000000000000e+01,4.635999999999999943e+01,5.000000000000000000e+01,0.000000000000000000e+00
1.720000000000000000e+02,5.595353920420465954e+01,2.642491120967376617e+01,2.952862800489029027e+01,-1.035939788779458918e-08,6.000000000000000000e+01,4.635999999999999943e+01,5.000000000000000000e+01,0.000000000000000000e+00
1.730000000000000000e+02,5.609676002932952343e+01,2.642491120967376617e+01,2.967184881965575727e+01,-3.692992730643263790e-16,6.000000000000000000e+01,4.645000000000000284e+01,5.000000000000000000e+01,0.000000000000000000e+00
1.740000000000000000e+02,5.606467788910187977e+01,2.625055329113485669e+01,2.981412462904520666e+01,-3.107818295370854848e-08,6.000000000000000000e+01,4.667999999999999972e+01,5.000000000000000000e+01,0.000000000000000000e+00
1.750000000000000000e+02,5.575895728903158499e+01,2.580497194375766412e+01,2.995398542469594361e+01,-7.942202421181516250e-08,6.000000000000000000e+01,4.667999999999999972e+01,5.000000000000000000e+01,0.000000000000000000e+00
1.760000000000000000e+02,5.589881816410434112e+01,2.580497194375766412e+01,3.009384622034668055e+01,-2.831293490645606984e-15,6.000000000000000000e+01,4.667999999999999972e+01,5.000000000000000000e+01,0.000000000000000000e+00
1.770000000000000000e+02,5.603867895975508162e+01,2.580497194375766412e+01,3.023370701599741750e+01,-1.009319884468476913e-22,6.000000000000000000e+01,4.678000000000000114e+01,5.000000000000000000e+01,0.000000000000000000e+00
1.780000000000000000e+02,5.598375869430236662e+01,2.561124092315888134e+01,3.037251780567479997e+01,-3.453131439300866378e-08,6.000000000000000000e+01,4.700000000000000000e+01,5.000000000000000000e+01,0.000000000000000000e+00
1.790000000000000000e+02,5.569405118408347732e+01,2.518503267784156563e+01,3.050901858221080332e+01,-7.596889289561474909e-08,6.000000000000000000e+01,4.700000000000000000e+01,5.000000000000000000e+01,0.000000000000000000e+00
1.800000000000000000e+02,5.583055203658837229e+01,2.518503267784156563e+01,3.064551935874680666e+01,-2.708193779766564663e-15,6.000000000000000000e+01,4.703000000000000114e+01,5.000000000000000000e+01,0.000000000000000000e+00
1.810000000000000000e+02,5.590861849479333756e+01,2.512691337166192795e+01,3.078170513349080295e+01,-1.035939431790294159e-08,6.000000000000000000e+01,4.720000000000000284e+01,5.000000000000000000e+01,0.000000000000000000e+00
1.820000000000000000e+02,5.571367647602085782e+01,2.479757063664399652e+01,3.091610589808009735e+01,-5.870323483741363226e-08,6.000000000000000000e+01,4.728999999999999915e+01,5.000000000000000000e+01,0.000000000000000000e+00
1.830000000000000000e+02,5.567277434432028826e+01,2.462321271810510126e+01,3.104956165729337414e+01,-3.107818504640125051e-08,6.000000000000000000e+01,4.732000000000000028e+01,5.000000000000000000e+01,0.000000000000000000e+00
1.840000000000000000e+02,5.574779581628071412e+01,2.456509341192546358e+01,3.118270241471464388e+01,-1.035939542580035785e-08,6.000000000000000000e+01,4.732000000000000028e+01,5.000000000000000000e+01,0.000000000000000000e+00
1.850000000000000000e+02,5.588093658406137365e+01,2.456509341192546358e+01,3.131584317213591362e+01,-3.692991852973837530e-16,6.000000000000000000e+01,4.754999999999999716e+01,5.000000000000000000e+01,0.000000000000000000e+00
1.860000000000000000e+02,5.556608090094472630e+01,2.411951206454827457e+01,3.144656891581847091e+01,-7.942202310391773301e-08,6.000000000000000000e+01,4.764999999999999858e+01,5.000000000000000000e+01,0.000000000000000000e+00
1.870000000000000000e+02,5.550202566294584727e+01,2.392578104394948824e+01,3.157624465352767373e+01,-3.453131722430211824e-08,6.000000000000000000e+01,4.764999999999999858e+01,5.000000000000000000e+01,0.000000000000000000e+00
1.880000000000000000e+02,5.563170143518636479e+01,2.392578104394948824e+01,3.170592039123687655e+01,-1.230997253606143707e-15,6.000000000000000000e+01,4.764999999999999858e+01,5.000000000000000000e+01,0.000000000000000000e+00
1.890000000000000000e+02,5.576137717289556406e+01,2.392578104394948824e+01,3.183559612894607938e+01,-4.388347622370475358e-23,6.000000000000000000e+01,4.774000000000000199e+01,5.000000000000000000e+01,0.000000000000000000e+00
1.900000000000000000e+02,5.571574995561166332e+01,2.375142312541057876e+01,3.196432686127926459e+01,-3.107818295370853525e-08,6.000000000000000000e+01,4.786999999999999744e+01,5.000000000000000000e+01,0.000000000000000000e+00
1.910000000000000000e+02,5.559126533958855276e+01,2.349957279863217252e+01,3.209169258584709183e+01,-4.489070981880649211e-08,6.000000000000000000e+01,4.796999999999999886e+01,5.000000000000000000e+01,0.000000000000000000e+00
1.920000000000000000e+02,5.552385004794363255e+01,2.330584177803338974e+01,3.221800830444156105e+01,-3.453131599330500009e-08,6.000000000000000000e+01,4.796999999999999886e+01,5.000000000000000000e+01,0.000000000000000000e+00
1.930000000000000000e+02,5.565016580106942001e+01,2.330584177803338974e+01,3.234432402303603027e+01,-1.230997209722672197e-15,6.000000000000000000e+01,4.796999999999999886e+01,5.000000000000000000e+01,0.000000000000000000e+00
1.940000000000000000e+02,5.577648151966388923e+01,2.330584177803338974e+01,3.247063974163049949e+01,-4.388347465931517085e-23,6.000000000000000000e+01,4.803000000000000114e+01,5.000000000000000000e+01,0.000000000000000000e+00
1.950000000000000000e+02,5.578592860159628231e+01,2.318960316567411439e+01,3.259632545664095460e+01,-2.071878863580569127e-08,6.000000000000000000e+01,4.815999999999999659e+01,5.000000000000000000e+01,0.000000000000000000e+00
1.960000000000000000e+02,5.565839895789105185e+01,2.293775283889570815e+01,3.272064616388605174e+01,-4.489070944950734674e-08,6.000000000000000000e+01,4.828999999999999915e+01,5.000000000000000000e+01,0.000000000000000000e+00
1.970000000000000000e+02,5.552950433059236701e+01,2.268590251211728770e+01,3.284360186336579090e+01,-4.489071031120783414e-08,6.000000000000000000e+01,4.828999999999999915e+01,5.000000000000000000e+01,0.000000000000000000e+00
1.980000000000000000e+02,5.565246007496281777e+01,2.268590251211728770e+01,3.296655756284553007e+01,-1.600296355524927626e-15,6.000000000000000000e+01,4.828999999999999915e+01,5.000000000000000000e+01,0.000000000000000000e+00
1.990000000000000000e+02,5.577541577444255694e+01,2.268590251211728770e+01,3.308951326232526924e+01,-5.704851644699806431e-23,6.000000000000000000e+01,4.828999999999999915e+01,5.000000000000000000e+01,0.000000000000000000e+00
2.000000000000000000e+02,5.589837147392229610e+01,2.268590251211728770e+01,3.321246896180500841e+01,-2.033706580388892823e-30,6.000000000000000000e+01,4.847999999999999687e+01,5.000000000000000000e+01,0.000000000000000000e+00
2.010000000000000000e+02,5.565124315730548687e+01,2.231781357297960966e+01,3.333342964993537549e+01,-6.560949734671474395e-08,6.000000000000000000e+01,4.860999999999999943e+01,5.000000000000000000e+01,0.000000000000000000e+00
2.020000000000000000e+02,5.551898853161085867e+01,2.206596324620118921e+01,3.345302533030037750e+01,-4.489071104980609841e-08,6.000000000000000000e+01,4.860999999999999943e+01,5.000000000000000000e+01,0.000000000000000000e+00
2.030000000000000000e+02,5.563858425686656517e+01,2.206596324620118921e+01,3.357262101066537952e+01,-1.600296381855010217e-15,6.000000000000000000e+01,4.860999999999999943e+01,5.000000000000000000e+01,0.000000000000000000e+00
2.040000000000000000e+02,5.575817993723157429e+01,2.206596324620118921e+01,3.369221669103038153e+01,-5.704851738563179632e-23,6.000000000000000000e+01,4.884000000000000341e+01,5.000000000000000000e+01,0.000000000000000000e+00
2.050000000000000000e+02,5.542977917705863433e+01,2.162038189882398243e+01,3.380939735765667109e+01,-7.942202310392018146e-08,6.000000000000000000e+01,4.889999999999999858e+01,5.000000000000000000e+01,0.000000000000000000e+00
2.060000000000000000e+02,5.543009128644488470e+01,2.150414328646472484e+01,3.392594802069895366e+01,-2.071879146709668734e-08,6.000000000000000000e+01,4.893999999999999773e+01,5.000000000000000000e+01,0.000000000000000000e+00
2.070000000000000000e+02,5.546872954576457460e+01,2.142665087822521386e+01,3.404207868135188875e+01,-1.381252649580136913e-08,6.000000000000000000e+01,4.893999999999999773e+01,5.000000000000000000e+01,0.000000000000000000e+00
2.080000000000000000e+02,5.558486022023004125e+01,2.142665087822521386e+01,3.415820934200482384e+01,-4.923988873997323053e-16,6.000000000000000000e+01,4.896999999999999886e+01,5.000000000000000000e+01,0.000000000000000000e+00
2.090000000000000000e+02,5.564255656255193827e+01,2.136853157204557618e+01,3.427402500086575543e+01,-1.035939431790286383e-08,6.000000000000000000e+01,4.913000000000000256e+01,5.000000000000000000e+01,0.000000000000000000e+00
2.100000000000000000e+02,5.544672253400673156e+01,2.105856193908751806e+01,3.438816065016931844e+01,-5.525010339811350373e-08,6.000000000000000000e+01,4.922999999999999687e+01,5.000000000000000000e+01,0.000000000000000000e+00
2.110000000000000000e+02,5.536607717745695822e+01,2.086483091848874949e+01,3.450124629349952698e+01,-3.453131636260167054e-08,6.000000000000000000e+01,4.925999999999999801e+01,5.000000000000000000e+01,0.000000000000000000e+00
2.120000000000000000e+02,5.542072853698744694e+01,2.080671161230911181e+01,3.461401693503773203e+01,-1.035939554890006801e-08,6.000000000000000000e+01,4.925999999999999801e+01,5.000000000000000000e+01,0.000000000000000000e+00
2.130000000000000000e+02,5.553349918888504533e+01,2.080671161230911181e+01,3.472678757657593707e+01,-3.692991896857308350e-16,6.000000000000000000e+01,4.935000000000000142e+01,5.000000000000000000e+01,0.000000000000000000e+00
2.140000000000000000e+02,5.547096687543014326e+01,2.063235369377020234e+01,3.483861321273812450e+01,-3.107818295370854848e-08,6.000000000000000000e+01,4.939000000000000057e+01,5.000000000000000000e+01,0.000000000000000000e+00
2.150000000000000000e+02,5.550488011822913847e+01,2.055486128553069136e+01,3.495001884651097157e+01,-1.381252686510041359e-08,6.000000000000000000e+01,4.952000000000000313e+01,5.000000000000000000e+01,0.000000000000000000e+00
2.160000000000000000e+02,5.536307038638001643e+01,2.030301095875227091e+01,3.506005947251845356e+01,-4.489070920331041127e-08,6.000000000000000000e+01,4.954999999999999716e+01,5.000000000000000000e+01,0.000000000000000000e+00
2.170000000000000000e+02,5.541467673894718615e+01,2.024489165257264744e+01,3.516978509673393205e+01,-1.035939591819670867e-08,6.000000000000000000e+01,4.957999999999999829e+01,5.000000000000000000e+01,0.000000000000000000e+00
2.180000000000000000e+02,5.546596805519101991e+01,2.018677234639300977e+01,3.527919571915740704e+01,-1.035939468720204891e-08,6.000000000000000000e+01,4.960999999999999943e+01,5.000000000000000000e+01,0.000000000000000000e+00
2.190000000000000000e+02,5.551694436964285018e+01,2.012865304021337565e+01,3.538829133978887143e+01,-1.035939468720200424e-08,6.000000000000000000e+01,4.957999999999999829e+01,5.000000000000000000e+01,0.000000000000000000e+00
2.200000000000000000e+02,5.568447431896475308e+01,2.018677234639300977e+01,3.549770196221234642e+01,1.035939394860368703e-08,6.000000000000000000e+01,4.977000000000000313e+01,5.000000000000000000e+01,0.000000000000000000e+00
2.210000000000000000e+02,5.542380091493227212e+01,1.981868340725531752e+01,3.560511757328644933e+01,-6.560949697741806689e-08,6.000000000000000000e+01,4.989999999999999858e+01,5.000000000000000000e+01,0.000000000000000000e+00
2.220000000000000000e+02,5.527800121218138685e+01,1.956683308047691128e+01,3.571116817659518716e+01,-4.489071104980363011e-08,6.000000000000000000e+01,4.989999999999999858e+01,5.000000000000000000e+01,0.000000000000000000e+00
2.230000000000000000e+02,5.538405186038083627e+01,1.956683308047691128e+01,3.581721877990392500e+01,-1.600296381854922259e-15,6.000000000000000000e+01,4.989999999999999858e+01,5.000000000000000000e+01,0.000000000000000000e+00
2.240000000000000000e+02,5.549010246368957411e+01,1.956683308047691128e+01,3.592326938321266283e+01,-5.704851738562865775e-23,6.000000000000000000e+01,4.992999999999999972e+01,5.000000000000000000e+01,0.000000000000000000e+00
2.250000000000000000e+02,5.553771874866728098e+01,1.950871377429727360e+01,3.602900498472939717e+01,-1.035939431790284563e-08,6.000000000000000000e+01,5.000000000000000000e+01,5.000000000000000000e+01,0.000000000000000000e+00
2.260000000000000000e+02,5.550710761777099123e+01,1.937310205987812850e+01,3.613400558206478053e+01,-2.417192044440496517e-08,6.000000000000000000e+01,5.003000000000000114e+01,5.000000000000000000e+01,0.000000000000000000e+00
2.270000000000000000e+02,5.555367392094725432e+01,1.931498275369849082e+01,3.623869117760816039e+01,-1.035939517960086639e-08,6.000000000000000000e+01,5.021999999999999886e+01,5.000000000000000000e+01,0.000000000000000000e+00
2.280000000000000000e+02,5.528827551075347913e+01,1.894689381456080923e+01,3.634138176180216817e+01,-6.560949771601392241e-08,6.000000000000000000e+01,5.021999999999999886e+01,5.000000000000000000e+01,0.000000000000000000e+00
2.290000000000000000e+02,5.539096616055698519e+01,1.894689381456080923e+01,3.644407234599617595e+01,-2.338894603245879018e-15,6.000000000000000000e+01,5.021999999999999886e+01,5.000000000000000000e+01,0.000000000000000000e+00
2.300000000000000000e+02,5.549365674475099297e+01,1.894689381456080923e+01,3.654676293019018374e+01,-8.337859845797111229e-23,6.000000000000000000e+01,5.032000000000000028e+01,5.000000000000000000e+01,0.000000000000000000e+00
2.310000000000000000e+02,5.540156626784155236e+01,1.875316279396202646e+01,3.664840350841083705e+01,-3.453131439300866378e-08,6.000000000000000000e+01,5.032000000000000028e+01,5.000000000000000000e+01,0.000000000000000000e+00
2.320000000000000000e+02,5.550320688059351681e+01,1.875316279396202646e+01,3.675004408663149036e+01,-1.230997152674156433e-15,6.000000000000000000e+01,5.047999999999999687e+01,5.000000000000000000e+01,0.000000000000000000e+00
2.330000000000000000e+02,5.529319776104865269e+01,1.844319316100398254e+01,3.685000465529477509e+01,-5.525010302881194960e-08,6.000000000000000000e+01,5.054999999999999716e+01,5.000000000000000000e+01,0.000000000000000000e+00
2.340000000000000000e+02,5.525681164218962493e+01,1.830758144658483388e+01,3.694923021977671596e+01,-2.417192204470126508e-08,6.000000000000000000e+01,5.054999999999999716e+01,5.000000000000000000e+01,0.000000000000000000e+00
2.350000000000000000e+02,5.535603723084349070e+01,1.830758144658483388e+01,3.704845578425865682e+01,-8.616980770854570759e-16,6.000000000000000000e+01,5.054999999999999716e+01,5.000000000000000000e+01,0.000000000000000000e+00
2.360000000000000000e+02,5.545526279532543157e+01,1.830758144658483388e+01,3.714768134874059768e+01,-3.071843334094911988e-23,6.000000000000000000e+01,5.060999999999999943e+01,5.000000000000000000e+01,0.000000000000000000e+00
2.370000000000000000e+02,5.543761972314530340e+01,1.819134283422556209e+01,3.724627690963852444e+01,-2.071878863580569127e-08,6.000000000000000000e+01,5.067999999999999972e+01,5.000000000000000000e+01,0.000000000000000000e+00
2.380000000000000000e+02,5.539986856198959941e+01,1.805573111980641343e+01,3.734413746635510734e+01,-2.417192081370411054e-08,6.000000000000000000e+01,5.084000000000000341e+01,5.000000000000000000e+01,0.000000000000000000e+00
2.390000000000000000e+02,5.518607944511257557e+01,1.774576148684835886e+01,3.744031801351432165e+01,-5.525010389051239069e-08,6.000000000000000000e+01,5.079999999999999716e+01,5.000000000000000000e+01,0.000000000000000000e+00
2.400000000000000000e+02,5.536017247196328128e+01,1.782325389508788049e+01,3.753691856306287633e+01,1.381252378760995418e-08,6.000000000000000000e+01,5.086999999999999744e+01,5.000000000000000000e+01,0.000000000000000000e+00
2.410000000000000000e+02,5.532042626492690118e+01,1.768764218066873539e+01,3.763278410843008714e+01,-2.417191958270702879e-08,6.000000000000000000e+01,5.086999999999999744e+01,5.000000000000000000e+01,0.000000000000000000e+00
2.420000000000000000e+02,5.541629183446603690e+01,1.768764218066873539e+01,3.772864965379729796e+01,-8.616979893185142528e-16,6.000000000000000000e+01,5.086999999999999744e+01,5.000000000000000000e+01,0.000000000000000000e+00
2.430000000000000000e+02,5.551215737983324061e+01,1.768764218066873539e+01,3.782451519916450877e+01,-3.071843021216996029e-23,6.000000000000000000e+01,5.086999999999999744e+01,5.000000000000000000e+01,0.000000000000000000e+00
2.440000000000000000e+02,5.560802292520045853e+01,1.768764218066873539e+01,3.792038074453171959e+01,-1.095072712710206890e-30,6.000000000000000000e+01,5.106000000000000227e+01,5.000000000000000000e+01,0.000000000000000000e+00
2.450000000000000000e+02,5.533380445447109963e+01,1.731955324153103959e+01,3.801425127854955832e+01,-6.560949734671720564e-08,6.000000000000000000e+01,5.115999999999999659e+01,5.000000000000000000e+01,0.000000000000000000e+00
2.460000000000000000e+02,5.523289399299499536e+01,1.712582222093227102e+01,3.810707180659404258e+01,-3.453131673190080267e-08,6.000000000000000000e+01,5.118999999999999773e+01,5.000000000000000000e+01,0.000000000000000000e+00
2.470000000000000000e+02,5.526728023723975269e+01,1.706770291475263335e+01,3.819957733284651624e+01,-1.035939554890008124e-08,6.000000000000000000e+01,5.118999999999999773e+01,5.000000000000000000e+01,0.000000000000000000e+00
2.480000000000000000e+02,5.535978577385162680e+01,1.706770291475263335e+01,3.829208285909898990e+01,-3.692991896857313281e-16,6.000000000000000000e+01,5.118999999999999773e+01,5.000000000000000000e+01,0.000000000000000000e+00
2.490000000000000000e+02,5.545229130010409335e+01,1.706770291475263335e+01,3.838458838535146356e+01,-1.316504335207262607e-23,6.000000000000000000e+01,5.121999999999999886e+01,5.000000000000000000e+01,0.000000000000000000e+00
2.500000000000000000e+02,5.548636250802554315e+01,1.700958360857299922e+01,3.847677890981193372e+01,-1.035939431790284563e-08,6.000000000000000000e+01,5.125999999999999801e+01,5.000000000000000000e+01,0.000000000000000000e+00
2.510000000000000000e+02,5.550064061840402729e+01,1.693209120033348825e+01,3.856854943188306351e+01,-1.381252612650212119e-08,6.000000000000000000e+01,5.145000000000000284e+01,5.000000000000000000e+01,0.000000000000000000e+00
2.520000000000000000e+02,5.522232713819111893e+01,1.656400226119579244e+01,3.865832494260482122e+01,-6.560949783911607937e-08,6.000000000000000000e+01,5.142000000000000171e+01,5.000000000000000000e+01,0.000000000000000000e+00
2.530000000000000000e+02,5.537053703285340589e+01,1.662212156737543012e+01,3.874841545511858243e+01,1.035939197900823843e-08,6.000000000000000000e+01,5.150999999999999801e+01,5.000000000000000000e+01,0.000000000000000000e+00
2.540000000000000000e+02,5.528532458001468086e+01,1.644776364883653486e+01,3.883756096225632604e+01,-3.107818258440702083e-08,6.000000000000000000e+01,5.150999999999999801e+01,5.000000000000000000e+01,0.000000000000000000e+00
2.550000000000000000e+02,5.537447011823060450e+01,1.644776364883653486e+01,3.892670646939406964e+01,-1.107897424241640981e-15,6.000000000000000000e+01,5.150999999999999801e+01,5.000000000000000000e+01,0.000000000000000000e+00
2.560000000000000000e+02,5.546361562536834811e+01,1.644776364883653486e+01,3.901585197653181325e+01,-3.949512489372879924e-23,6.000000000000000000e+01,5.157999999999999829e+01,5.000000000000000000e+01,0.000000000000000000e+00
2.570000000000000000e+02,5.541641438973367428e+01,1.631215193441738620e+01,3.910426247948820588e+01,-2.417192007510581980e-08,6.000000000000000000e+01,5.154999999999999716e+01,5.000000000000000000e+01,0.000000000000000000e+00
2.580000000000000000e+02,5.556325923519302279e+01,1.637027124059702388e+01,3.919298798423660912e+01,1.035939345620483811e-08,6.000000000000000000e+01,5.177000000000000313e+01,5.000000000000000000e+01,0.000000000000000000e+00
2.590000000000000000e+02,5.522346639515443201e+01,1.594406299527969217e+01,3.927940347584362968e+01,-7.596889129532093403e-08,6.000000000000000000e+01,5.177000000000000313e+01,5.000000000000000000e+01,0.000000000000000000e+00
2.600000000000000000e+02,5.530988196273034418e+01,1.594406299527969217e+01,3.936581896745065023e+01,-2.708193722718138632e-15,6.000000000000000000e+01,5.184000000000000341e+01,5.000000000000000000e+01,0.000000000000000000e+00
2.610000000000000000e+02,5.525995071156495442e+01,1.580845128086054530e+01,3.945149945487632692e+01,-2.417192007510591575e-08,6.000000000000000000e+01,5.184000000000000341e+01,5.000000000000000000e+01,0.000000000000000000e+00
2.620000000000000000e+02,5.534563122316254891e+01,1.580845128086054530e+01,3.953717994230200361e+01,-8.616980068719042571e-16,6.000000000000000000e+01,5.184000000000000341e+01,5.000000000000000000e+01,0.000000000000000000e+00
2.630000000000000000e+02,5.543131171058822559e+01,1.580845128086054530e+01,3.962286042972768030e+01,-3.071843083792584628e-23,6.000000000000000000e+01,5.184000000000000341e+01,5.000000000000000000e+01,0.000000000000000000e+00
2.640000000000000000e+02,5.551699219801390228e+01,1.580845128086054530e+01,3.970854091715335699e+01,-1.095072735017603085e-30,6.000000000000000000e+01,5.192999999999999972e+01,5.000000000000000000e+01,0.000000000000000000e+00
2.650000000000000000e+02,5.542736973044648607e+01,1.563409336232164826e+01,3.979327639920301607e+01,-3.107818295370608017e-08,6.000000000000000000e+01,5.192999999999999972e+01,5.000000000000000000e+01,0.000000000000000000e+00
2.660000000000000000e+02,5.551210524357432519e+01,1.563409336232164826e+01,3.987801188125267515e+01,-1.107897437406679712e-15,6.000000000000000000e+01,5.209000000000000341e+01,5.000000000000000000e+01,0.000000000000000000e+00
2.670000000000000000e+02,5.528519102785845263e+01,1.532412372936359191e+01,3.996106735374496566e+01,-5.525010302881439806e-08,6.000000000000000000e+01,5.215999999999999659e+01,5.000000000000000000e+01,0.000000000000000000e+00
2.680000000000000000e+02,5.523189981282844485e+01,1.518851201494445746e+01,4.004338782205591230e+01,-2.417192204469881332e-08,6.000000000000000000e+01,5.215999999999999659e+01,5.000000000000000000e+01,0.000000000000000000e+00
2.690000000000000000e+02,5.531422030531131639e+01,1.518851201494445746e+01,4.012570829036685893e+01,-8.616980770853696110e-16,6.000000000000000000e+01,5.215999999999999659e+01,5.000000000000000000e+01,0.000000000000000000e+00
2.700000000000000000e+02,5.539654077362226303e+01,1.518851201494445746e+01,4.020802875867780557e+01,-3.071843334094599894e-23,6.000000000000000000e+01,5.215999999999999659e+01,5.000000000000000000e+01,0.000000000000000000e+00
2.710000000000000000e+02,5.547886124193320967e+01,1.518851201494445746e+01,4.029034922698875221e+01,-1.095072824247067179e-30,6.000000000000000000e+01,5.225000000000000000e+01,5.000000000000000000e+01,0.000000000000000000e+00
2.720000000000000000e+02,5.538587875525104209e+01,1.501415409640554799e+01,4.037172468992367413e+01,-3.107818295370853525e-08,6.000000000000000000e+01,5.238000000000000256e+01,5.000000000000000000e+01,0.000000000000000000e+00
2.730000000000000000e+02,5.521403886982965048e+01,1.476230376962712754e+01,4.045173514509323809e+01,-4.489070981880894718e-08,6.000000000000000000e+01,5.245000000000000284e+01,5.000000000000000000e+01,0.000000000000000000e+00
2.740000000000000000e+02,5.515770262711751570e+01,1.462669205520798066e+01,4.053101059608145817e+01,-2.417192167540215942e-08,6.000000000000000000e+01,5.247999999999999687e+01,5.000000000000000000e+01,0.000000000000000000e+00
2.750000000000000000e+02,5.517854378394662973e+01,1.456857274902835719e+01,4.060997104527766766e+01,-1.035939517959845598e-08,6.000000000000000000e+01,5.247999999999999687e+01,5.000000000000000000e+01,0.000000000000000000e+00
2.760000000000000000e+02,5.525750424350223255e+01,1.456857274902835719e+01,4.068893149447387714e+01,-3.692991765206011380e-16,6.000000000000000000e+01,5.247999999999999687e+01,5.000000000000000000e+01,0.000000000000000000e+00
2.770000000000000000e+02,5.533646469269844204e+01,1.456857274902835719e+01,4.076789194367008662e+01,-1.316504288275258770e-23,6.000000000000000000e+01,5.247999999999999687e+01,5.000000000000000000e+01,0.000000000000000000e+00
